430.70
428.50
402.13
422.01
403.23
424.20
403.04
403.80
452.47
419.92
442.01
408.37
408.10
415.21
420.74
419.12
433.18
395.57
406.64
389.46
419.84
429.49
419.88
421.62
429.66
429.98
421.81
402.71
424.15
441.94
437.35
404.27
399.13
424.71
414.52
429.21
436.28
413.73
426.44
398.15
420.75
411.07
430.15
   nan
425.52
409.70
442.04
   nan
400.62
418.59
407.05
408.00
410.02
443.46
410.69
396.47
   nan
420.44
427.79
429.73
428.75
422.26
419.23
394.22
420.12
411.47
433.57
433.99
442.48
416.57
415.88
401.03
421.79
440.82
434.69
407.46
416.47
411.08
418.71
400.61
381.89
414.05
409.72
433.81
393.39
436.29
421.41
398.41
429.15
420.19
400.29
426.00
402.49
424.45
429.63
410.97
417.24
419.68
418.29
414.12
443.73
439.32
404.82
429.25
400.11
416.29
397.00
408.88
418.84
417.73
414.24
419.94
411.02
415.13
450.66
421.67
412.01
409.92
436.70
430.35
413.31
422.70
444.39
415.36
422.02
435.45
423.86
420.67
442.25
410.20
432.69
385.41
428.64
430.05
407.21
416.87
449.16
412.73
400.39
431.24
413.40
408.34
446.30
   nan
450.29
419.41
416.20
444.26
432.87
406.97
420.98
442.28
417.18
438.79
420.49
429.27
393.48
399.19
441.20
440.16
417.88
   nan
395.36
430.56
408.71
424.77
434.64
431.92
   nan
399.99
425.48
404.46
431.34
412.69
447.09
450.28
425.13
409.56
404.50
430.54
419.17
408.53
435.71
422.39
399.21
422.21
438.75
421.45
425.65
433.99
399.53
442.68
407.42
420.01
433.19
420.89
432.46
406.03
418.70
410.43
432.49
423.32
396.72
402.69
399.46
413.97
424.68
422.01
428.40
408.00
417.23
388.27
430.61
415.85
427.05
   nan
425.43
409.25
413.50
458.64
408.41
379.36
432.21
430.86
418.01
424.41
445.65
425.94
   nan
433.15
413.35
452.02
418.11
404.94
417.10
421.30
421.45
417.83
436.01
414.10
409.25
428.01
403.78
422.02
416.58
   nan
405.64
411.56
404.44
426.99
406.61
428.95
419.12
415.89
416.56
435.57
430.81
396.08
415.49
421.12
435.02
436.28
400.71
423.97
421.19
412.54
401.34
422.53
414.75
433.06
429.50
396.68
416.52
422.91
425.90
425.98
418.14
421.65
416.16
407.94
394.64
422.58
407.74
456.37
438.27
400.31
447.26
409.27
422.65
403.84
411.69
441.56
420.81
392.26
422.87
429.90
404.26
416.59
438.16
432.52
399.81
404.82
420.26
431.37
425.98
441.68
410.79
434.13
417.41
399.05
463.13
431.10
405.44
420.16
401.18
413.37
424.73
406.66
434.52
436.66
402.65
392.99
409.28
422.60
424.94
440.95
411.12
406.22
371.32
406.69
452.12
432.57
411.29
415.15
412.91
422.57
432.88
416.66
419.85
462.53
   nan
406.80
427.67
403.41
413.48
422.63
425.05
411.62
431.10
441.27
419.05
426.09
435.21
420.84
391.66
419.00
416.71
421.30
397.39
421.96
413.45
   nan
417.81
413.07
421.16
420.56
426.41
423.34
428.13
396.59
428.77
420.55
431.22
414.77
426.22
421.00
422.10
414.87
427.80
411.11
439.31
414.58
393.65
395.36
447.30
414.76
391.31
   nan
394.57
396.15
388.05
424.39
399.64
429.18
398.85
402.61
429.59
394.42
429.03
435.11
400.82
405.14
403.21
412.23
396.70
423.89
421.40
421.96
406.72
442.28
420.53
439.33
424.74
411.63
423.13
416.36
417.28
440.27
427.42
425.55
419.75
431.35
409.42
409.94
396.15
423.63
435.86
397.68
409.74
426.79
438.84
454.65
411.87
419.45
412.35
450.47
420.33
414.89
428.05
402.64
392.68
447.47
445.28
411.48
437.77
428.25
422.01
418.32
422.94
411.86
405.21
444.42
446.40
432.16
393.33
428.19
440.32
426.85
432.77
403.35
413.36
   nan
416.24
420.79
436.27
434.87
429.27
426.02
415.66
409.06
423.10
404.87
410.38
441.06
417.34
401.41
418.84
439.24
435.76
396.39
399.61
398.67
404.98
422.82
416.17
416.19
414.11
421.95
391.95
440.01
432.45
429.81
420.18
446.89
416.54
464.70
419.03
433.45
424.81
415.67
406.08
427.33
405.83
417.84
425.46
426.73
410.32
409.48
418.91
433.21
410.99
414.63
426.78
412.06
430.15
403.93
   nan
421.41
433.43
402.24
420.90
434.20
413.57
399.90
396.06
417.56
439.14
408.39
404.54
427.96
415.05
429.23
436.63
415.86
425.06
407.55
432.03
389.00
419.24
438.96
418.97
444.07
413.77
419.21
434.70
395.40
   nan
434.53
414.25
414.93
   nan
443.66
398.46
414.31
414.86
409.77
436.50
402.32
402.55
425.10
412.44
392.45
404.51
410.82
420.01
426.29
417.75
412.39
412.24
447.14
430.47
430.48
419.73
404.08
395.83
402.57
   nan
410.55
411.69
438.22
440.91
421.92
432.82
400.20
429.94
427.85
433.62
401.10
424.10
426.81
423.22
431.16
413.12
418.19
417.21
416.26
440.88
394.17
433.95
405.89
425.60
436.47
386.07
411.86
412.46
   nan
421.13
417.65
384.17
438.14
387.58
402.78
441.16
400.98
410.31
420.10
434.56
430.00
438.04
409.06
404.54
420.39
396.19
423.07
441.74
422.29
   nan
427.62
399.77
422.96
425.60
417.39
423.66
401.79
437.60
420.79
414.54
416.62
415.73
403.83
399.65
425.74
422.57
407.99
431.56
391.08
388.16
411.60
409.78
408.62
426.40
419.60
401.97
   nan
410.53
429.01
430.90
403.55
410.26
428.76
406.43
440.11
419.85
436.10
425.86
420.81
443.16
421.92
392.97
423.69
411.54
429.61
405.83
424.60
399.99
437.83
416.23
443.98
432.06
410.47
441.32
438.09
434.12
   nan
432.59
430.52
402.91
429.28
425.61
448.13
398.75
366.83
397.28
398.36
427.88
410.02
448.85
415.63
426.76
418.58
414.50
423.89
411.89
411.63
412.51
420.20
428.08
431.17
418.75
400.20
418.92
411.56
387.88
397.80
418.53
430.54
428.01
405.61
436.85
416.67
408.47
448.47
404.74
452.05
394.94
431.38
454.10
430.18
420.10
430.90
446.48
427.80
425.37
444.75
414.30
401.98
427.27
430.15
425.66
426.14
394.16
416.00
438.07
445.18
414.02
419.49
392.24
   nan
418.97
406.68
421.49
419.43
439.59
450.45
431.73
405.78
407.82
445.56
423.88
   nan
395.96
418.17
434.71
406.47
442.37
426.29
418.69
417.09
389.03
440.69
414.76
424.33
415.17
432.42
394.91
395.22
416.46
426.40
441.46
419.61
435.38
432.20
406.85
423.18
438.94
437.48
453.00
424.26
446.32
416.46
416.74
401.09
415.05
403.19
432.03
409.70
440.14
417.85
432.59
443.46
386.95
397.03
411.71
421.92
388.68
403.40
389.56
402.88
416.13
393.01
429.28
413.09
411.42
420.68
403.03
413.25
421.70
451.08
420.31
385.95
407.52
446.81
403.95
415.38
393.00
413.35
428.54
411.98
457.04
413.53
432.39
421.53
415.93
437.14
419.48
395.28
405.19
407.01
401.27
417.35
412.92
413.96
430.03
422.68
435.70
417.89
435.22
442.47
400.84
429.31
424.50
432.62
405.47
406.44
419.82
409.92
   nan
420.87
414.56
393.39
420.75
426.95
423.79
438.07
422.44
456.90
427.63
403.70
426.71
409.98
402.50
424.22
   nan
406.58
430.41
432.75
407.55
432.79
425.84
389.55
442.11
442.98
445.06
399.68
420.14
442.37
433.21
432.89
410.92
420.70
424.41
431.89
427.62
433.47
426.36
396.96
431.49
445.28
422.83
414.06
404.68
421.03
401.23
416.88
397.51
436.53
420.77
427.55
445.00
441.20
401.34
   nan
403.33
439.64
420.27
403.17
419.16
434.31
425.03
405.38
404.43
423.38
443.31
412.81
420.50
396.09
407.71
417.61
428.06
421.07
448.73
430.04
426.01
412.81
404.51
416.56
422.34
451.14
431.04
456.74
443.97
403.79
423.05
398.61
408.80
400.33
405.67
421.54
395.14
442.51
410.00
438.51
421.62
419.21
445.66
419.56
   nan
429.02
433.79
432.34
444.07
449.42
426.37
412.81
423.13
430.19
412.19
420.57
419.72
453.40
427.25
418.91
398.89
413.22
411.05
403.09
410.38
405.24
431.41
412.87
405.74
420.06
427.36
414.34
443.46
437.24
407.56
415.06
414.73
411.40
428.49
424.30
417.77
430.25
388.45
409.96
402.46
427.63
407.74
432.00
431.37
442.92
411.17
430.75
405.24
415.72
393.95
398.82
403.64
404.34
421.32
409.32
396.16
424.44
407.68
414.11
420.86
403.25
442.77
437.45
406.42
417.21
428.02
407.12
446.26
434.88
419.38
428.99
419.16
431.40
400.20
410.15
425.72
423.57
415.49
427.17
426.66
   nan
422.79
424.47
435.13
414.21
439.51
395.75
417.54
   nan
419.51
383.12
406.96
424.67
426.94
416.65
427.24
417.59
423.57
449.72
405.32
403.69
416.48
397.89
420.07
424.75
442.32
399.64
421.18
444.42
417.33
390.97
436.15
398.00
449.42
   nan
422.25
407.67
404.57
427.64
398.29
433.12
413.51
396.21
419.92
431.68
422.38
409.22
441.22
411.48
412.68
434.55
425.06
441.76
439.44
417.61
432.61
403.13
397.97
427.95
400.05
443.75
450.73
434.96
408.00
397.74
416.96
433.61
455.07
394.35
426.39
420.33
401.50
406.97
442.41
408.72
424.31
374.14
417.13
420.03
402.99
409.02
440.64
408.26
414.49
398.03
440.09
434.31
410.38
422.43
410.31
421.50
406.00
423.17
428.82
438.54
421.93
457.31
441.90
411.39
424.80
425.73
389.44
438.97
441.37
426.95
435.57
426.55
427.63
404.72
402.85
422.91
   nan
412.63
450.83
400.39
430.52
404.67
420.89
444.89
432.82
392.86
421.37
404.98
409.80
428.88
441.82
424.40
439.57
407.62
431.48
419.70
433.02
401.75
414.92
417.04
   nan
420.22
427.61
425.50
417.87
414.84
402.16
399.12
416.69
393.50
448.09
430.08
397.73
417.15
429.64
432.54
423.90
437.67
425.00
396.00
416.50
421.46
404.30
431.94
436.41
423.59
415.62
   nan
426.09
429.80
415.65
413.52
418.96
410.51
424.93
413.02
435.55
413.81
416.97
410.57
437.95
386.75
425.65
431.51
414.45
436.96
428.74
403.09
403.82
427.72
428.38
399.94
427.41
399.69
423.78
415.72
424.63
400.04
402.23
417.97
439.90
421.01
411.91
427.03
413.69
446.69
407.35
414.71
403.05
409.67
432.36
435.96
400.26
409.89
   nan
423.24
450.21
418.20
407.76
386.91
424.12
420.57
422.42
404.67
401.88
445.46
418.91
434.17
418.79
429.17
392.51
373.16
422.22
428.49
406.38
435.15
441.06
425.10
425.00
411.93
416.86
414.42
419.48
404.74
407.30
401.38
425.16
417.10
407.19
438.95
394.32
463.09
388.71
436.25
396.36
   nan
443.67
425.55
418.90
404.70
424.46
406.42
419.88
403.83
421.05
427.18
440.43
398.79
   nan
433.94
433.06
443.80
420.00
433.48
395.71
444.24
   nan
432.39
441.08
426.81
401.35
412.13
449.11
418.96
401.42
409.96
408.65
412.03
422.30
402.10
385.21
433.82
412.40
413.11
416.47
435.32
404.02
401.22
386.18
459.39
423.44
422.69
   nan
414.61
431.18
447.75
415.35
418.71
417.82
419.17
427.72
417.23
413.07
407.22
422.24
416.60
402.99
393.43
437.25
451.75
428.54
418.30
435.01
413.80
407.77
414.51
414.97
428.73
428.55
423.42
390.38
413.35
432.55
405.60
413.49
432.57
418.48
405.97
425.08
   nan
429.73
   nan
419.31
429.13
426.01
427.70
403.66
   nan
416.67
438.50
425.17
408.04
410.23
429.63
390.78
403.54
439.15
406.65
413.63
408.08
410.53
433.37
433.45
426.69
426.83
424.71
408.65
417.90
411.59
434.67
410.71
417.14
398.38
401.40
425.87
386.76
425.13
440.33
438.33
423.75
423.79
421.17
419.84
423.97
439.07
400.61
415.62
380.79
433.79
431.93
430.63
453.99
415.95
449.12
434.75
432.19
400.21
431.73
410.85
419.69
396.86
420.21
431.57
400.88
420.80
427.28
430.18
425.76
437.50
411.25
403.00
454.74
406.05
416.37
421.61
429.23
437.69
404.19
410.38
441.75
428.04
410.27
436.24
397.08
439.73
402.15
426.79
402.16
431.06
438.38
449.80
427.01
418.67
407.56
403.69
424.31
393.80
420.82
428.03
417.47
415.79
445.54
407.27
429.74
417.28
418.21
415.76
421.79
   nan
425.56
442.53
424.31
413.91
437.38
436.38
432.51
411.52
408.83
438.94
406.21
446.71
433.54
419.20
395.76
436.39
425.22
413.91
418.91
438.50
424.87
405.30
442.39
422.95
437.72
389.44
427.24
397.25
435.64
425.73
404.56
409.81
448.09
435.02
406.20
413.32
452.84
421.39
415.63
430.09
451.69
413.49
402.58
420.05
420.80
416.15
420.13
408.16
410.05
419.76
423.06
417.52
417.24
409.00
408.41
430.99
   nan
427.00
450.52
426.40
437.30
419.64
418.71
451.54
447.15
444.08
417.21
421.67
436.44
417.58
424.86
410.45
420.45
423.19
428.76
422.32
418.92
416.35
421.82
423.11
429.65
430.15
   nan
444.09
450.35
428.52
424.64
389.64
422.50
423.76
444.27
399.98
399.61
409.63
429.22
423.96
452.54
426.02
414.78
441.88
395.17
436.21
428.82
450.97
411.83
427.56
428.29
431.83
417.52
413.07
391.10
   nan
436.66
415.32
443.53
417.46
378.33
422.75
438.68
414.23
402.78
433.40
387.64
427.91
403.29
428.06
406.59
426.62
423.30
429.68
421.85
426.43
397.15
416.23
418.78
403.44
416.39
428.76
413.14
416.49
416.64
407.44
   nan
429.20
418.03
412.88
421.51
459.77
427.94
414.89
440.77
416.20
417.28
452.05
419.35
406.93
409.52
418.28
428.73
433.36
425.61
405.69
413.38
400.28
414.86
418.95
432.36
436.90
410.10
427.32
417.74
421.61
424.56
425.71
395.10
416.89
421.52
414.45
429.36
442.78
428.08
429.92
421.86
434.37
427.90
396.37
422.33
441.14
402.55
412.25
409.63
409.82
429.70
424.54
435.37
428.66
406.57
445.93
424.81
402.94
407.08
414.17
449.17
414.33
406.55
430.72
405.07
400.28
419.78
428.79
439.42
432.05
426.91
424.12
   nan
429.47
408.81
408.78
437.76
427.13
407.42
389.24
404.54
404.31
434.60
438.74
436.33
426.89
420.81
438.95
438.90
390.18
406.11
443.55
411.46
440.25
409.20
416.49
422.05
430.57
405.08
416.45
427.04
414.59
421.05
394.59
397.15
416.91
413.31
435.59
413.24
393.35
433.46
   nan
409.78
425.07
418.31
419.56
414.97
437.52
414.36
399.03
393.39
397.99
409.29
422.25
413.85
414.43
410.75
410.87
424.46
430.60
432.31
396.22
433.40
410.30
427.07
429.26
440.55
395.11
434.90
395.40
426.37
428.56
396.95
423.23
   nan
407.53
428.59
439.49
413.25
422.11
433.81
445.88
418.74
430.85
436.17
418.39
395.61
411.76
425.71
414.67
448.46
414.46
413.00
   nan
425.80
424.10
423.55
413.48
432.96
421.34
453.29
435.20
420.16
422.96
425.73
430.68
420.64
417.90
   nan
431.97
403.19
425.58
419.88
428.21
434.01
405.59
417.22
404.13
430.39
417.53
439.29
443.16
424.35
   nan
407.13
419.92
419.32
417.74
412.10
429.13
431.58
425.52
409.43
404.27
427.22
432.67
426.06
427.65
427.95
422.50
441.37
416.43
   nan
413.59
428.45
431.39
400.49
   nan
413.72
412.91
393.08
443.60
422.38
435.91
443.66
425.95
452.66
411.92
416.55
416.49
425.57
430.07
431.07
427.23
401.71
430.01
403.41
436.65
420.88
413.89
421.36
405.49
415.88
417.60
426.00
427.08
412.91
412.62
397.15
433.22
419.87
402.45
415.27
417.12
422.20
430.16
423.34
429.22
391.63
425.33
411.71
426.10
417.57
404.95
410.79
437.85
401.51
419.45
413.49
409.48
415.74
406.62
440.45
   nan
418.74
422.53
398.24
406.11
418.74
412.51
397.58
435.21
419.54
391.07
393.69
416.09
406.31
429.01
425.92
442.30
424.55
452.90
441.08
428.53
408.29
416.40
395.84
408.41
410.97
435.55
430.34
401.81
435.19
419.58
425.48
410.13
431.61
430.54
436.70
415.04
438.16
388.57
433.76
446.03
431.19
   nan
395.30
406.87
418.74
434.03
   nan
415.30
426.08
   nan
   nan
401.06
400.90
419.09
439.61
421.48
463.34
415.90
396.24
410.93
413.58
399.73
431.42
418.15
400.98
445.40
367.99
441.53
413.60
404.80
431.08
426.24
427.78
429.84
420.86
430.91
425.29
436.66
416.53
430.36
417.00
450.76
390.74
423.11
443.22
393.54
398.34
402.77
441.23
433.21
398.49
435.78
411.65
407.57
425.92
458.86
428.91
440.25
409.47
420.52
417.79
407.10
419.35
426.33
422.30
430.87
415.68
423.14
426.10
432.03
437.66
422.14
388.84
437.49
424.22
425.46
421.05
420.33
419.07
428.94
422.82
405.29
376.96
432.30
413.62
403.73
435.54
419.42
419.20
429.14
407.61
433.50
423.89
429.66
416.94
437.70
406.91
418.67
441.54
415.76
407.94
409.91
431.62
   nan
404.61
411.90
434.68
419.95
435.47
424.78
412.84
420.71
421.38
405.98
436.29
407.06
427.94
418.45
425.49
438.48
428.25
428.39
423.76
424.54
426.68
423.01
385.27
404.25
420.71
415.37
444.27
402.76
   nan
420.62
424.67
416.21
440.22
439.79
432.65
431.29
408.32
436.99
408.39
417.04
410.01
406.02
448.68
404.33
443.88
406.99
404.72
413.15
444.26
438.55
425.43
427.44
420.27
430.22
446.34
426.95
405.31
407.80
410.39
422.54
424.89
418.69
436.03
427.22
409.90
415.12
431.35
447.64
421.80
412.79
398.15
422.34
402.71
429.14
446.11
413.15
439.48
445.73
395.24
   nan
429.31
405.02
414.73
   nan
424.67
434.44
424.61
433.15
422.68
426.65
443.40
420.98
433.06
419.08
433.30
413.49
423.96
421.21
432.84
411.34
423.23
390.84
382.90
396.36
422.30
422.02
   nan
437.84
422.41
419.06
422.24
397.71
382.66
450.04
401.13
428.95
404.18
426.85
430.22
424.91
419.82
409.80
434.49
398.51
442.23
413.56
398.02
421.13
391.73
443.62
411.21
448.93
428.65
414.66
408.48
420.40
421.33
442.10
417.68
424.40
401.02
432.27
412.48
440.87
434.06
395.17
419.56
392.99
406.29
440.95
440.13
420.41
412.93
408.01
411.97
413.16
423.77
409.28
413.16
431.45
429.29
425.77
430.17
389.43
405.29
426.17
395.49
425.74
415.10
433.26
440.44
401.52
435.65
426.05
426.20
403.88
428.15
422.98
420.36
442.54
405.41
432.67
449.78
436.50
440.93
430.19
413.43
400.34
438.56
428.54
427.74
428.01
420.49
408.98
402.89
   nan
414.81
411.76
396.58
430.08
416.85
428.51
438.90
440.28
423.15
437.01
432.85
430.77
429.28
442.28
404.90
397.68
394.38
454.28
416.44
438.18
432.78
428.64
443.54
400.29
423.30
434.87
   nan
422.88
402.40
440.53
402.15
407.23
413.76
423.48
399.74
415.14
408.09
438.10
449.95
396.47
404.00
405.10
429.96
431.41
402.47
402.94
399.32
446.76
420.50
408.59
395.51
413.65
429.87
389.55
411.70
402.15
409.53
412.18
400.47
431.65
406.87
410.36
416.08
424.14
417.94
407.41
409.10
416.36
398.26
393.79
442.08
411.15
419.26
411.59
430.21
393.93
430.91
414.55
394.23
435.81
418.35
425.54
406.61
424.09
411.53
449.06
419.13
426.73
412.28
444.01
394.35
382.40
408.16
426.80
407.19
   nan
426.97
426.13
418.35
438.48
433.65
411.80
417.46
447.07
421.62
445.86
400.44
416.63
428.94
428.86
399.91
426.79
420.82
401.42
407.95
426.47
415.36
408.23
424.09
419.08
421.96
409.49
407.04
429.16
414.31
416.74
   nan
419.17
423.35
427.46
422.73
416.80
448.50
418.42
436.32
410.67
414.45
414.96
417.82
404.13
431.37
435.43
412.15
409.40
415.35
439.72
422.98
411.87
424.17
411.31
421.86
426.32
449.13
416.52
421.44
423.48
433.99
418.50
402.68
413.69
416.83
400.79
443.71
408.17
398.33
446.57
401.95
428.89
448.49
433.98
441.75
433.42
422.74
419.37
402.78
415.57
407.90
426.64
419.83
432.48
390.65
422.66
451.57
411.25
443.94
413.05
412.87
426.04
420.98
426.48
416.20
433.49
406.26
424.32
429.80
393.01
396.93
422.64
407.30
406.93
406.22
434.72
416.63
402.14
414.86
432.73
414.84
409.28
434.57
418.58
423.88
411.11
451.38
405.74
398.66
396.45
432.48
399.65
419.51
406.09
410.81
389.33
418.19
417.90
432.81
425.77
440.85
419.77
439.98
423.13
420.55
444.59
420.01
417.09
426.99
432.67
400.65
427.56
411.19
457.38
412.30
425.33
462.55
398.50
419.49
396.79
410.77
459.66
   nan
423.26
414.45
423.03
433.38
452.68
411.84
415.62
436.09
416.95
423.14
428.29
429.71
414.18
425.35
419.55
411.25
393.02
410.90
407.82
404.57
428.62
440.20
442.79
409.46
441.54
407.98
   nan
427.23
409.25
410.58
423.63
399.02
411.22
407.60
401.29
418.27
427.36
414.92
406.96
424.11
409.26
428.76
   nan
416.29
427.57
426.34
426.91
416.79
423.90
429.43
424.17
435.24
421.90
417.93
381.46
429.38
422.00
416.58
407.79
436.25
426.50
424.46
416.17
424.53
398.37
396.28
412.95
418.79
421.60
419.14
428.06
417.65
413.46
426.01
   nan
430.69
391.79
412.50
407.76
428.41
425.05
450.68
424.42
437.60
412.79
421.31
408.69
414.82
434.01
438.48
399.82
436.61
425.37
422.43
401.07
429.94
405.00
415.50
393.98
389.57
420.28
403.09
434.47
402.32
442.51
422.81
440.61
431.55
390.87
430.68
426.10
433.17
419.70
447.94
418.54
390.21
406.85
435.76
407.10
441.93
421.69
434.94
397.50
409.68
438.34
437.98
394.69
418.74
404.61
423.04
421.49
404.86
   nan
395.94
405.29
419.50
420.98
417.54
444.52
407.40
413.45
412.78
420.38
430.12
418.12
391.05
436.13
415.09
396.21
408.11
406.04
400.88
433.57
427.92
416.84
416.60
408.87
437.16
421.57
416.61
412.94
421.00
403.26
428.31
413.27
422.86
417.17
415.04
420.56
412.10
454.68
434.06
421.99
431.68
399.93
416.83
407.11
402.08
432.08
433.64
   nan
424.68
412.71
430.21
430.48
416.63
414.91
392.83
399.42
431.42
428.05
432.79
418.06
432.74
409.81
414.90
439.89
414.76
444.62
434.19
419.42
417.44
433.07
427.68
422.79
449.98
430.15
428.64
422.56
418.06
412.20
418.28
440.25
437.43
404.45
438.87
440.16
421.22
439.66
413.66
434.54
424.62
406.87
412.27
386.94
425.75
427.03
405.40
437.61
429.38
401.29
428.41
431.39
396.25
419.86
413.43
394.33
436.93
423.83
397.22
411.94
427.89
402.35
442.98
425.18
411.99
434.35
442.42
421.34
444.45
422.77
406.99
404.66
419.45
402.86
423.63
391.16
413.30
436.07
432.46
   nan
423.34
409.30
429.66
   nan
423.90
385.76
452.29
429.74
   nan
412.31
404.21
428.92
431.61
420.35
416.53
432.43
410.87
429.83
456.31
411.97
418.76
405.73
419.50
431.86
417.13
   nan
393.59
409.54
412.06
424.81
407.66
442.05
410.96
397.38
   nan
444.59
436.46
403.38
423.30
447.96
400.16
416.52
399.24
436.77
406.96
396.22
391.96
437.82
428.70
422.82
434.30
407.73
443.03
406.54
426.54
413.05
411.58
448.74
411.55
400.52
440.77
442.07
422.25
429.71
426.19
407.58
415.42
400.41
414.07
436.13
421.42
411.87
448.50
382.98
422.96
433.67
439.03
432.73
403.96
428.41
390.17
410.81
403.86
425.72
444.10
392.03
404.85
413.43
405.94
428.80
425.14
420.41
414.38
434.90
441.36
436.45
418.28
418.71
454.07
424.30
414.80
437.78
415.36
430.47
417.46
416.84
437.41
456.33
409.51
422.92
412.57
430.07
383.91
446.09
   nan
402.47
415.03
   nan
439.40
401.81
412.10
402.21
425.38
437.96
407.45
415.34
404.56
408.84
408.99
415.48
421.52
409.44
395.52
400.76
421.24
409.31
427.91
424.76
417.22
   nan
418.47
400.49
430.03
446.12
419.44
431.51
437.73
421.16
401.91
419.85
425.93
439.87
432.49
445.71
459.70
407.88
406.47
412.69
419.91
439.09
423.71
422.57
419.30
398.89
422.24
429.33
442.39
   nan
425.96
443.14
404.77
399.50
443.64
398.35
421.31
394.74
423.24
403.05
420.37
388.31
430.98
431.74
407.65
429.72
409.74
427.15
437.30
452.56
405.94
430.98
440.26
436.23
422.45
422.88
429.09
421.17
400.86
410.01
417.67
438.24
430.07
412.30
440.53
433.19
404.26
412.96
449.57
402.10
435.10
393.14
412.32
404.30
438.51
424.32
435.48
424.55
395.55
425.54
417.94
413.64
437.80
415.64
420.86
419.41
431.47
421.02
442.59
   nan
398.14
413.77
406.79
416.36
416.03
434.52
429.17
412.97
427.21
425.44
407.25
399.61
448.56
421.15
405.43
430.37
393.00
410.69
427.04
435.18
417.71
437.47
429.00
438.07
424.47
400.40
   nan
412.77
416.05
423.93
435.86
418.92
406.60
412.74
428.42
421.68
417.77
452.94
413.81
414.90
418.81
429.91
393.49
403.05
402.62
424.86
433.13
414.38
412.65
432.79
432.43
447.89
419.39
408.34
431.72
396.75
436.75
   nan
425.39
424.06
411.40
396.55
415.60
420.70
445.65
435.75
421.83
412.16
438.14
432.65
425.50
436.08
435.54
399.18
426.47
415.22
422.07
407.81
400.05
431.25
416.82
438.71
421.71
436.47
430.92
429.32
410.43
433.19
410.81
409.40
418.05
418.60
403.98
399.45
428.09
453.72
425.49
411.86
429.18
416.76
440.50
411.21
434.48
427.96
445.39
426.93
418.31
433.42
435.84
445.05
438.48
421.79
429.10
418.74
410.77
390.95
422.91
403.30
418.08
435.25
440.46
385.13
410.77
439.87
   nan
421.07
413.95
   nan
404.34
439.12
409.26
403.59
416.44
449.21
404.33
444.36
423.41
429.30
429.05
421.95
412.55
407.68
433.32
441.86
404.91
422.40
421.22
409.80
426.14
428.65
440.44
429.64
449.93
435.15
415.67
418.65
405.47
410.39
415.96
427.13
444.36
426.26
414.83
423.35
431.08
444.77
421.30
407.85
438.86
447.87
401.36
396.88
428.73
416.88
424.62
431.89
416.41
437.13
415.07
433.98
429.04
407.44
415.28
401.19
396.26
430.92
448.29
422.96
440.34
380.07
405.68
412.11
418.45
445.58
420.94
447.97
411.20
439.90
431.20
   nan
426.98
415.66
409.09
412.55
424.11
422.26
386.06
400.64
380.49
421.09
439.75
421.73
403.19
424.97
402.14
436.52
416.97
413.25
425.69
432.65
442.55
427.85
394.76
424.26
420.35
415.93
444.44
421.20
421.15
411.07
403.61
440.59
421.95
428.02
431.30
411.94
417.19
420.39
410.81
379.02
424.10
416.70
431.06
441.13
426.79
410.61
426.56
407.64
413.39
418.62
424.29
431.98
434.16
428.41
418.93
437.35
424.56
420.49
376.30
424.22
422.53
431.69
   nan
441.22
416.73
430.52
433.64
428.08
401.18
426.63
425.85
420.64
422.06
438.10
420.54
406.90
   nan
400.15
410.97
418.78
415.54
400.53
434.84
414.49
436.75
419.17
433.77
403.01
431.32
420.35
411.14
402.86
411.78
408.46
415.50
424.53
408.12
422.27
424.76
402.64
414.77
432.84
418.37
433.40
409.49
410.61
406.25
400.96
432.54
409.55
431.53
415.00
432.31
420.61
421.19
404.04
414.79
416.66
437.59
421.44
387.27
417.87
414.11
442.04
433.65
   nan
408.30
419.80
433.97
416.88
392.22
444.06
415.71
411.56
399.27
   nan
426.84
402.12
423.29
402.00
423.61
430.11
422.11
409.22
428.81
458.16
436.34
410.61
426.98
422.93
426.17
409.34
432.06
432.45
416.96
443.21
398.17
444.63
415.49
427.10
400.40
404.23
416.71
427.17
   nan
418.52
403.77
   nan
410.11
424.64
421.61
424.17
420.80
427.78
439.09
453.57
420.46
430.41
404.31
402.48
423.34
436.90
413.82
420.93
395.15
428.06
440.84
391.92
433.10
411.76
409.20
418.90
420.20
396.79
400.65
428.41
420.29
432.18
428.92
407.09
431.16
437.45
438.90
414.76
407.84
448.19
397.97
436.37
418.69
422.97
413.05
426.10
428.78
436.88
424.48
428.93
422.26
393.91
405.91
378.16
392.61
420.65
419.64
403.69
391.54
405.89
410.50
432.35
435.95
424.38
410.57
404.43
425.16
427.31
442.05
403.44
428.98
423.54
391.37
436.51
445.73
   nan
454.29
424.44
420.25
429.50
406.27
425.61
431.39
425.63
458.68
427.70
419.29
434.18
411.93
422.06
424.33
402.63
427.24
409.35
409.72
424.18
443.67
423.71
405.73
410.11
418.84
433.52
424.00
419.73
416.74
422.58
422.47
429.57
399.28
   nan
411.36
459.32
398.16
447.16
406.64
405.97
419.95
423.21
417.55
395.96
432.16
427.36
441.47
438.90
400.21
421.19
422.37
418.56
421.86
401.27
427.38
396.34
422.44
438.82
422.45
411.78
406.60
420.94
408.19
419.21
391.40
424.18
396.59
453.91
427.87
408.18
414.21
440.27
   nan
427.34
416.01
406.00
410.66
430.74
406.68
433.33
405.08
417.85
424.19
397.36
424.17
425.74
421.59
406.33
418.86
403.04
406.61
392.89
423.01
424.12
436.42
413.20
418.87
420.51
414.22
410.61
411.60
405.56
416.27
401.52
431.42
416.13
413.38
427.15
409.62
428.67
429.75
426.65
454.32
417.32
402.06
425.85
420.61
430.40
415.04
427.77
448.07
407.68
427.88
427.01
418.12
408.42
438.27
423.65
410.21
431.87
427.51
412.38
   nan
422.71
387.63
417.61
417.30
387.66
406.02
401.65
418.01
401.34
420.73
409.59
402.84
432.22
426.13
423.51
415.82
420.97
448.27
424.06
424.29
415.27
408.39
408.24
405.40
400.68
410.57
427.51
440.19
399.19
405.10
417.08
440.58
437.99
418.15
417.83
418.35
436.49
404.42
426.43
428.18
391.13
426.49
426.47
456.02
437.62
415.59
415.37
420.94
443.73
407.62
405.64
451.39
429.65
423.74
418.11
423.96
421.42
431.08
436.69
412.04
411.36
394.78
408.22
409.97
406.51
426.02
446.99
410.64
418.10
416.24
431.23
415.39
424.61
422.48
405.82
423.98
429.17
416.43
408.44
423.51
428.05
420.32
398.27
394.62
402.41
426.11
435.19
423.22
428.61
422.84
418.24
419.28
430.71
421.44
420.24
395.23
429.69
426.62
395.83
408.29
425.65
423.64
421.12
449.81
414.60
419.73
412.07
432.08
412.62
442.35
395.02
   nan
423.60
379.74
409.17
422.50
401.57
437.45
427.34
398.35
412.93
407.59
433.03
416.33
442.89
449.73
404.01
404.84
419.33
418.43
419.83
413.09
443.38
   nan
419.62
420.59
403.04
428.42
439.98
427.95
447.24
417.99
   nan
417.19
414.25
446.61
439.53
408.74
427.80
415.53
421.46
416.47
432.92
432.97
380.57
429.16
431.70
425.24
433.89
426.11
394.83
439.99
437.98
397.72
443.74
425.95
427.58
432.54
   nan
446.38
425.84
424.54
408.86
385.54
395.03
415.54
409.32
429.12
403.43
396.02
415.24
430.05
414.45
   nan
417.33
432.81
384.35
395.22
395.15
405.63
435.11
420.34
420.06
435.36
475.51
418.22
421.92
425.58
436.64
427.08
442.93
436.76
445.20
408.95
428.59
423.39
406.03
430.60
425.89
444.76
432.64
428.81
432.18
444.22
417.76
416.75
440.20
444.57
401.59
386.02
433.24
400.32
431.79
425.13
   nan
414.35
432.59
433.56
432.83
430.14
428.37
418.33
408.24
446.18
386.35
426.48
431.36
416.52
417.13
407.09
434.01
   nan
434.29
410.70
430.93
411.64
436.36
417.72
399.40
422.77
388.45
440.65
422.27
415.24
423.30
428.40
417.89
404.52
432.10
412.47
428.46
430.81
435.40
400.29
416.02
403.25
430.31
396.40
418.53
424.84
409.71
429.74
414.73
433.66
396.36
404.12
425.29
410.96
399.31
412.86
413.86
430.83
446.77
409.31
390.95
423.16
422.15
412.70
421.61
420.30
429.68
413.34
411.59
415.05
411.35
440.27
419.44
398.04
393.86
434.51
418.17
435.04
418.68
395.20
419.83
417.37
440.00
404.56
399.58
426.19
412.40
407.23
426.72
401.00
391.21
399.22
426.19
443.76
424.48
417.28
409.76
432.83
435.67
430.24
422.90
401.54
436.24
421.15
415.95
444.09
442.93
417.35
411.58
422.14
423.67
414.16
416.17
407.36
434.86
432.26
422.05
416.17
417.32
   nan
440.56
412.67
423.34
418.63
446.25
430.62
409.84
427.44
   nan
400.73
430.44
428.57
420.03
430.50
396.92
421.22
379.51
433.44
416.92
412.38
430.33
404.86
428.88
446.81
424.26
393.47
408.67
423.74
427.09
   nan
419.31
430.45
406.08
409.01
404.93
424.23
416.37
394.04
432.66
416.74
398.19
423.38
421.56
428.23
415.52
430.55
451.39
413.13
419.63
395.23
423.06
404.78
432.93
383.61
418.85
430.27
426.03
411.30
411.52
396.73
394.28
392.84
410.15
405.00
426.43
403.06
417.85
422.00
413.49
409.98
408.25
428.88
412.19
399.07
   nan
424.85
449.62
424.59
433.80
414.23
421.10
419.05
   nan
427.97
407.44
438.24
408.64
408.38
428.28
414.02
405.56
387.32
408.22
411.23
406.45
409.18
416.17
   nan
447.21
434.21
429.47
424.81
416.27
415.12
406.62
429.38
409.18
423.77
418.86
389.98
426.34
424.80
401.83
416.55
424.32
408.73
394.03
418.60
406.03
411.85
409.52
419.26
399.43
405.95
414.66
427.60
431.75
415.36
413.26
396.64
417.31
404.94
422.39
409.63
435.48
416.96
408.04
445.78
422.47
420.23
404.68
413.99
453.01
411.40
429.67
425.80
420.36
416.42
415.49
415.60
421.41
428.62
409.14
388.28
415.76
434.06
419.03
451.29
418.21
420.89
420.37
421.65
427.66
415.67
410.16
420.47
426.01
389.77
   nan
393.38
437.42
422.78
434.86
422.04
414.37
426.06
432.81
403.60
419.01
394.18
395.49
417.97
407.73
410.74
408.86
426.32
419.94
432.32
405.98
436.88
417.53
430.60
425.90
425.43
436.06
431.93
427.07
396.60
407.02
416.44
394.39
424.63
390.73
402.50
438.00
417.33
439.48
441.04
412.66
420.18
448.58
411.87
412.21
412.12
426.60
452.06
415.39
409.76
411.39
441.96
420.20
413.17
425.56
418.27
420.24
   nan
434.66
420.70
424.72
433.38
432.36
   nan
411.10
416.33
414.66
445.98
424.78
416.03
420.39
416.41
392.94
403.38
401.17
448.37
438.03
420.71
404.96
415.73
425.32
435.42
400.88
400.38
410.69
422.58
431.09
429.24
410.17
439.70
417.98
406.48
416.30
419.77
408.43
416.17
424.13
431.67
   nan
429.56
391.87
419.35
   nan
420.71
438.36
430.81
430.23
428.60
431.23
412.88
415.75
413.60
405.80
413.24
411.72
404.30
414.55
401.08
408.57
432.76
405.37
414.29
423.02
393.72
421.37
409.51
441.94
418.53
419.96
400.55
430.06
428.82
438.75
418.97
435.37
404.45
401.41
415.20
407.79
419.46
415.58
405.07
419.58
441.26
419.32
437.87
447.69
   nan
446.03
444.89
416.31
418.66
443.30
399.57
435.78
414.17
421.51
435.10
421.09
406.14
419.79
429.75
424.01
411.24
413.71
418.96
402.62
400.40
436.83
439.50
419.73
418.48
395.37
442.32
396.44
425.49
427.33
384.86
410.29
   nan
422.62
431.02
416.23
418.25
436.18
421.31
437.59
445.06
412.40
410.39
420.62
455.13
427.44
417.92
430.36
411.57
422.78
428.63
437.76
437.57
438.47
423.10
438.98
394.03
406.62
408.36
427.72
440.99
423.46
426.21
421.22
421.61
   nan
440.23
457.88
428.69
414.20
431.40
415.33
412.72
454.35
403.78
435.71
415.59
396.48
439.43
408.77
416.55
421.35
398.98
411.81
   nan
404.61
434.96
432.86
424.04
417.44
430.90
414.12
391.99
415.45
   nan
439.64
431.12
371.17
411.15
413.55
435.45
422.18
422.30
407.65
416.19
408.69
411.50
415.14
443.67
412.14
405.13
413.55
420.95
407.68
418.99
414.81
427.54
412.55
420.95
425.47
421.02
436.53
418.18
397.37
418.55
408.65
408.21
431.54
421.82
449.55
435.68
426.55
421.27
   nan
411.80
386.42
406.51
395.08
410.71
446.64
407.38
442.13
411.01
394.56
429.49
409.00
438.58
434.44
407.00
391.18
426.75
422.02
435.08
419.84
426.85
403.70
426.71
414.85
398.78
439.04
410.27
438.98
401.98
420.14
423.29
426.40
397.70
444.56
437.06
404.64
412.84
394.21
440.60
421.51
422.47
409.36
418.93
411.60
430.38
432.57
   nan
403.99
421.14
445.73
395.79
391.42
426.45
393.26
404.46
437.87
414.98
   nan
424.91
421.49
397.55
409.44
404.90
439.16
424.14
403.70
404.28
416.17
406.06
424.36
434.37
407.27
422.95
   nan
405.47
398.70
419.88
423.71
401.57
   nan
413.90
407.45
   nan
432.33
414.48
391.01
446.85
423.63
435.61
426.36
427.45
411.96
423.13
421.59
408.39
422.90
413.89
422.71
408.55
405.31
411.04
401.19
401.72
431.28
408.53
414.90
426.02
416.55
431.23
410.09
398.56
431.28
420.64
452.14
427.96
428.64
432.81
425.68
412.10
425.52
406.47
395.54
387.39
393.30
   nan
411.91
441.07
397.40
400.81
419.37
406.89
414.18
425.88
422.80
440.93
404.29
423.57
414.93
429.07
443.12
408.22
444.02
412.79
422.75
415.80
421.21
396.45
424.86
417.32
410.49
393.54
444.10
444.81
430.70
389.13
430.64
406.21
458.44
391.94
438.47
408.70
423.10
423.85
411.04
416.60
406.24
388.65
413.80
430.63
421.01
427.67
437.67
408.25
441.48
416.37
417.99
397.22
404.89
426.24
434.58
381.97
424.49
400.26
403.84
413.08
442.00
437.57
424.52
411.25
424.59
432.70
415.94
424.99
421.27
424.29
439.40
433.46
421.71
426.78
414.21
416.80
437.76
419.06
394.45
411.62
422.95
439.62
422.83
432.58
411.06
441.18
419.37
397.35
387.38
428.18
432.03
441.18
436.26
413.40
406.14
411.68
   nan
424.34
434.92
407.64
416.54
395.72
379.93
   nan
428.87
436.09
   nan
403.59
429.63
439.78
424.02
405.22
435.39
433.76
412.93
410.84
414.65
406.13
412.51
429.73
414.79
416.77
439.76
426.52
389.20
425.11
420.23
405.73
428.20
389.99
422.14
414.73
413.85
415.41
420.55
409.04
404.77
429.75
424.17
420.67
437.47
427.15
397.49
423.31
412.52
400.39
430.82
436.71
445.28
432.09
442.41
425.23
422.92
430.56
415.49
425.54
412.11
414.42
414.10
442.53
418.39
440.51
436.98
432.59
409.18
417.97
427.89
406.22
399.64
429.58
428.57
398.71
460.39
425.41
450.01
397.95
398.79
421.80
450.39
419.98
412.06
404.15
412.97
421.68
425.10
406.38
407.58
412.77
394.04
419.99
441.32
433.11
422.54
425.92
434.24
429.06
432.33
418.15
425.99
416.49
431.94
426.47
409.18
419.69
418.54
397.83
432.98
427.46
434.09
419.67
408.89
440.82
426.17
445.13
425.56
413.32
425.34
423.85
421.69
420.35
387.11
428.51
408.32
434.34
408.42
456.96
417.91
417.72
405.64
406.60
409.43
415.13
443.05
443.81
421.58
418.46
426.76
425.55
407.07
416.92
429.33
429.09
431.95
422.54
422.56
423.56
406.44
424.85
403.39
407.84
431.04
422.31
408.06
395.89
391.56
443.61
426.94
409.20
422.50
411.05
453.01
435.49
434.81
405.28
432.71
412.43
422.03
431.68
422.12
418.04
416.75
412.81
432.25
441.07
421.81
405.60
394.91
423.90
416.86
465.36
395.70
439.03
431.84
416.47
433.40
394.12
429.93
442.79
412.84
432.15
408.83
436.09
430.69
409.12
414.31
421.06
423.74
414.84
400.33
392.57
430.69
428.82
437.33
416.08
420.97
424.29
421.77
395.19
415.45
392.43
396.91
396.51
394.43
423.47
415.44
412.44
413.32
425.90
418.38
421.29
453.20
419.30
399.87
406.95
420.26
454.04
446.49
432.29
405.28
413.31
392.58
404.16
418.26
436.00
401.85
419.46
431.27
417.90
408.90
437.27
431.82
417.97
391.25
436.09
397.66
431.73
   nan
418.09
430.33
   nan
436.95
412.64
420.28
418.57
411.38
442.52
420.70
409.86
429.41
404.25
425.76
414.37
417.47
413.23
408.02
428.39
391.41
   nan
   nan
444.50
   nan
429.95
402.37
   nan
406.36
424.29
423.14
432.97
427.51
420.63
418.83
388.96
426.66
   nan
412.76
409.61
458.81
415.33
415.27
402.56
423.07
427.85
444.82
446.30
406.61
423.89
409.10
436.44
431.83
431.80
407.91
439.48
419.25
432.67
407.31
421.23
419.40
428.88
409.97
414.27
418.66
419.72
399.77
434.97
402.43
408.02
413.08
411.23
409.19
406.67
433.93
416.12
419.67
419.09
411.76
390.54
416.63
401.96
429.99
455.07
428.12
439.42
425.09
432.91
411.61
431.56
424.38
430.51
417.07
404.84
427.39
450.41
434.23
413.49
404.95
397.32
391.49
   nan
415.67
415.65
438.57
402.13
394.52
413.19
423.52
425.46
427.26
416.53
426.01
444.14
401.66
396.79
428.30
443.42
441.72
411.77
382.26
431.82
434.46
416.53
412.31
390.39
418.88
414.05
420.79
424.08
400.74
427.88
410.61
414.05
416.27
443.41
422.29
430.42
401.16
424.41
420.04
395.36
401.86
436.73
402.22
411.34
420.83
423.37
428.05
415.76
412.18
416.89
404.82
417.93
406.71
404.53
399.21
437.18
432.27
427.99
457.27
426.38
430.90
404.72
394.02
435.31
392.20
425.54
433.16
406.41
397.62
   nan
   nan
427.04
410.30
389.94
428.47
424.49
441.61
442.83
416.18
402.78
431.57
412.28
440.82
434.03
435.50
439.37
441.11
399.90
392.82
423.28
435.67
426.43
   nan
402.47
434.05
413.41
441.57
418.86
389.54
428.09
431.13
404.01
414.86
428.86
438.92
439.03
408.26
420.38
434.81
422.69
408.04
429.67
432.47
375.75
405.48
418.16
434.46
412.69
424.67
421.12
411.90
427.44
405.48
426.01
415.45
386.26
415.58
435.37
421.29
449.47
422.67
406.07
422.52
442.15
405.35
426.35
423.28
   nan
414.51
432.65
434.97
413.88
414.40
412.32
413.24
409.04
431.70
448.01
416.34
416.29
411.26
410.29
394.88
431.51
412.95
429.06
426.87
424.60
424.79
437.25
446.63
431.54
431.66
426.28
428.43
437.73
432.59
425.97
419.38
407.94
410.35
412.02
422.70
425.47
441.49
401.33
416.13
428.30
436.71
413.23
413.08
446.06
439.49
417.44
425.34
409.25
417.94
414.35
   nan
376.37
437.61
430.57
424.24
427.53
420.70
390.03
428.70
424.01
390.32
441.93
397.97
408.39
427.18
433.91
410.20
430.85
445.17
420.60
383.41
413.76
405.94
431.08
415.56
438.38
402.22
436.34
412.95
421.42
429.07
441.75
430.18
425.11
396.23
418.41
426.26
418.21
406.38
445.40
442.91
409.59
427.16
430.71
423.11
412.50
436.16
   nan
415.41
431.44
437.68
408.64
420.93
422.55
421.49
418.50
413.56
401.98
403.90
447.26
426.97
   nan
436.43
437.40
410.74
425.93
419.47
441.48
428.51
420.68
408.92
437.55
381.84
407.84
414.03
449.67
414.08
422.60
390.63
446.92
424.47
412.66
445.09
405.98
433.73
424.91
414.51
442.99
421.64
426.25
431.93
422.31
419.14
425.97
425.88
445.49
396.78
407.94
407.33
436.10
426.23
386.96
391.19
399.67
423.47
395.68
427.52
399.68
425.91
432.51
399.17
437.76
418.01
421.66
   nan
422.71
426.28
444.02
430.34
420.74
439.08
430.75
421.80
   nan
406.83
412.20
382.66
416.29
400.83
424.13
405.30
423.62
419.29
418.46
403.30
434.33
420.93
410.19
425.69
415.55
417.83
423.27
422.37
421.80
400.86
414.55
422.61
426.57
431.32
408.00
417.81
424.92
413.74
445.49
420.19
414.00
423.04
408.89
377.56
440.94
425.43
416.85
410.60
   nan
388.12
445.10
434.90
428.55
435.28
409.41
409.42
414.24
431.74
430.19
435.12
422.18
433.62
421.86
434.52
402.02
416.73
429.31
437.45
406.20
392.31
452.41
402.77
427.49
426.70
424.30
403.02
440.98
413.37
425.58
411.31
428.65
411.42
446.06
394.85
449.76
427.72
430.19
389.32
424.62
435.85
413.48
425.96
   nan
421.07
422.91
423.15
421.18
415.45
415.41
421.76
446.72
405.10
402.30
444.56
409.50
422.67
443.76
443.38
434.13
415.65
414.42
425.03
406.83
426.25
434.25
432.69
413.99
419.74
439.87
383.53
419.62
382.57
413.00
395.06
433.00
442.07
429.02
423.13
401.39
411.52
402.24
400.89
401.79
428.26
423.67
426.84
398.17
424.18
   nan
403.31
422.63
414.83
430.27
414.84
393.77
421.16
416.61
419.95
422.32
438.85
398.38
431.57
431.20
402.88
409.33
430.40
437.85
419.83
392.20
431.22
431.69
427.12
407.59
   nan
417.99
415.50
420.69
422.49
410.20
443.52
448.73
386.67
411.40
424.77
436.94
454.55
414.84
407.32
413.02
438.49
421.78
422.25
431.46
422.40
418.24
398.50
418.02
417.36
445.88
430.20
422.36
414.73
   nan
428.80
416.02
425.68
422.10
399.58
407.99
416.08
426.94
438.96
392.76
426.13
433.62
394.36
433.28
407.32
428.20
416.72
407.80
421.49
400.16
393.29
439.66
402.24
424.27
392.62
395.23
390.00
433.74
428.47
405.95
432.11
400.28
437.18
435.77
407.86
422.32
424.39
405.16
415.71
409.31
423.62
415.91
418.99
415.80
425.61
420.15
414.56
429.56
419.40
400.76
409.46
408.52
443.76
405.63
414.93
434.90
409.81
424.62
401.93
452.62
405.75
419.38
451.03
409.42
448.07
416.90
410.98
422.90
420.75
445.19
436.66
434.45
391.73
399.88
402.08
426.30
428.59
423.19
442.39
424.72
414.92
427.44
397.98
441.75
422.88
416.75
412.58
424.39
417.68
419.67
428.24
425.26
430.97
406.25
421.70
433.83
434.83
439.19
431.05
411.15
416.60
436.88
413.19
416.61
420.64
405.15
   nan
451.85
421.56
415.50
428.18
407.28
429.49
395.59
455.67
402.72
453.94
425.43
431.91
420.89
427.48
419.45
449.18
   nan
424.33
398.47
414.81
426.87
413.11
412.74
432.44
   nan
428.08
418.23
428.45
419.43
436.34
412.13
400.60
397.14
419.09
459.65
400.51
425.96
449.13
403.76
430.90
401.07
437.39
443.53
426.29
404.99
424.60
422.70
402.25
406.63
417.21
403.81
407.89
422.22
415.65
417.05
403.35
406.93
426.65
395.45
441.32
423.34
467.41
430.50
422.41
419.38
414.37
438.31
405.36
411.89
414.39
445.17
417.29
405.67
414.43
406.93
423.57
434.22
420.92
434.59
415.61
437.43
427.79
400.06
448.53
   nan
438.80
416.22
419.53
   nan
415.34
426.31
413.46
436.65
438.54
390.73
419.89
399.05
428.41
428.44
426.39
410.22
419.48
394.27
430.76
395.29
438.79
425.84
402.75
409.77
387.66
427.30
426.05
421.07
426.53
425.76
415.38
422.14
418.96
425.20
410.20
419.82
415.86
   nan
424.43
393.06
395.69
432.76
409.28
   nan
452.03
419.06
421.37
399.18
413.86
429.33
427.74
411.49
399.12
396.30
422.04
413.27
443.69
414.66
429.57
382.28
454.87
429.35
410.07
428.93
422.67
445.96
401.81
440.83
371.09
392.87
413.19
436.67
418.31
424.86
467.69
412.01
425.83
414.63
421.01
434.08
428.56
413.91
398.04
419.98
426.82
418.20
443.67
423.85
435.20
417.76
419.47
409.05
432.03
428.27
416.08
436.01
429.42
400.79
408.53
395.43
439.44
381.41
426.53
409.75
449.75
378.82
422.09
426.16
398.14
439.38
422.55
440.72
401.73
438.19
436.06
435.14
436.54
424.00
385.38
407.06
433.15
417.65
414.07
443.04
380.74
400.86
441.27
428.67
405.64
434.95
419.32
447.45
430.92
412.50
410.32
414.45
392.53
417.38
422.44
429.21
412.53
401.47
433.66
416.27
413.74
404.10
393.69
413.46
421.12
409.77
420.55
429.06
427.75
434.67
   nan
420.37
410.09
401.62
417.61
411.53
440.54
400.04
418.72
429.78
422.99
425.51
423.39
428.64
423.58
415.00
422.23
451.20
408.93
417.69
390.26
433.29
422.83
414.41
420.23
435.92
417.12
413.20
440.41
395.21
413.39
448.05
390.29
   nan
417.81
436.00
414.65
400.68
439.93
428.39
409.78
424.51
407.41
382.67
402.72
390.55
415.86
425.96
406.53
443.19
438.03
411.99
425.12
420.77
418.87
396.88
416.21
429.81
434.91
419.87
416.44
   nan
427.32
416.38
404.50
398.47
424.08
411.40
433.49
429.39
421.32
407.17
433.78
453.37
419.28
434.13
444.59
433.23
   nan
436.17
422.30
442.05
424.86
422.60
410.25
445.74
408.48
442.35
434.66
419.95
422.56
436.68
414.86
410.06
457.04
419.03
417.80
413.06
426.46
407.84
417.71
417.26
424.90
   nan
447.98
413.54
419.12
414.31
396.72
   nan
407.95
424.64
417.82
421.27
434.05
422.46
389.28
410.58
429.86
398.82
412.58
447.95
   nan
425.15
428.78
435.84
414.13
473.91
422.58
402.59
407.98
409.03
427.87
420.06
438.85
424.71
422.64
425.89
437.53
414.73
424.33
421.28
436.33
431.61
429.77
413.94
406.54
417.18
424.07
   nan
437.07
416.02
434.57
439.99
434.96
407.22
393.71
406.47
417.07
398.59
422.80
430.57
425.94
419.60
451.44
406.04
387.77
416.41
416.98
417.70
430.20
398.18
435.65
416.57
413.81
388.93
426.48
424.03
434.99
412.89
404.72
433.44
432.82
393.30
417.68
406.40
410.96
426.19
   nan
406.65
423.66
434.06
424.51
391.95
408.66
   nan
411.48
432.92
445.42
427.57
422.47
395.50
401.87
431.90
390.19
412.42
421.96
434.98
417.21
413.36
420.75
406.90
427.23
423.33
390.94
433.28
426.14
415.43
428.23
402.86
   nan
457.05
434.24
428.24
446.51
419.59
416.14
411.68
429.27
412.49
418.33
   nan
429.80
425.01
426.02
412.34
419.21
418.01
390.30
405.10
404.55
416.42
392.23
424.72
451.05
424.22
410.37
421.20
432.57
411.23
418.58
427.24
   nan
442.38
443.35
409.56
430.68
406.17
416.86
418.26
396.32
412.80
417.35
416.19
424.65
415.90
429.74
419.20
430.32
405.89
433.51
403.65
419.15
   nan
430.94
424.61
415.11
401.11
429.41
414.23
409.34
400.70
454.13
416.13
395.40
393.49
401.78
432.40
408.32
413.71
383.71
442.42
413.11
420.70
419.88
430.31
407.34
444.06
437.90
399.52
435.70
403.12
436.60
405.09
414.37
412.45
419.67
436.02
404.25
415.75
413.96
   nan
411.86
425.54
406.17
386.79
455.22
404.07
439.85
408.21
425.54
415.90
434.52
405.86
418.18
432.24
391.09
441.99
420.62
410.26
417.64
433.09
438.66
440.45
403.47
414.44
415.06
412.89
436.56
433.11
423.00
443.37
440.51
418.89
406.96
435.04
413.51
457.75
453.63
399.45
386.79
403.89
411.89
435.62
385.79
402.01
431.56
403.29
449.77
434.86
415.38
412.22
419.45
454.01
391.89
403.95
420.14
401.60
421.72
416.41
441.82
425.77
439.92
408.51
421.11
425.06
416.69
431.33
418.15
413.39
426.39
427.51
448.41
438.94
416.44
411.82
380.99
433.51
405.28
430.99
400.50
397.01
407.66
410.89
408.31
406.66
437.07
406.30
415.76
398.60
412.51
431.51
439.69
449.04
415.46
413.40
422.19
425.93
423.82
398.63
418.18
419.01
430.95
397.19
   nan
427.17
401.08
401.89
424.25
442.37
423.18
414.37
417.99
429.23
435.48
411.18
385.87
421.08
429.25
425.55
411.10
449.30
409.38
423.65
398.10
434.07
417.18
428.25
426.47
445.63
371.41
439.08
433.07
409.86
412.19
429.77
386.68
439.76
398.94
440.22
441.25
   nan
389.37
419.53
421.08
427.75
426.48
424.07
424.01
402.28
412.33
424.94
397.89
435.46
426.10
430.93
457.77
442.21
421.18
409.27
420.19
426.81
423.11
405.23
431.82
438.83
442.33
421.16
405.23
428.68
420.11
433.84
431.27
440.07
   nan
420.44
406.69
424.50
428.43
379.90
470.53
421.41
422.42
421.74
413.74
399.86
408.52
411.41
414.11
425.82
434.83
413.49
398.75
424.34
436.64
436.66
443.92
427.20
416.45
416.76
429.97
416.97
438.88
406.74
427.41
421.55
441.09
402.84
443.19
397.05
408.29
429.19
425.66
418.27
399.76
432.35
424.32
400.19
415.38
444.71
416.82
411.97
422.34
441.01
421.57
430.86
419.44
403.83
419.91
431.30
424.72
427.81
408.69
423.12
436.91
   nan
390.24
399.70
431.71
415.62
439.94
409.96
420.90
442.19
442.43
423.23
429.56
418.72
438.44
441.02
389.15
431.66
421.01
415.00
401.91
403.55
409.59
424.82
444.51
454.71
410.35
406.03
412.59
411.03
411.66
407.04
439.37
426.64
397.32
423.57
422.41
409.17
427.69
397.70
406.30
408.12
411.61
394.91
422.59
425.29
429.16
454.24
423.89
407.50
442.36
439.06
405.35
418.18
401.43
425.90
407.16
421.74
449.09
420.39
403.52
435.59
437.86
404.08
421.35
413.87
450.39
454.79
431.41
422.45
399.47
418.99
   nan
421.87
410.55
423.83
403.13
427.68
411.83
439.10
427.17
413.16
412.13
425.46
405.03
414.18
430.45
405.88
410.16
386.98
445.50
449.73
393.10
431.65
402.12
418.71
421.42
413.37
450.47
427.45
419.28
440.94
427.93
423.57
   nan
418.28
447.69
420.10
432.66
427.11
417.58
418.43
427.96
409.57
410.88
416.84
424.33
420.15
421.05
433.61
436.55
409.15
410.22
424.79
438.46
425.73
420.84
442.58
408.00
   nan
432.65
398.59
398.80
420.38
422.52
401.60
423.57
431.56
424.45
432.81
414.06
389.95
427.17
430.23
424.13
429.93
441.40
404.37
457.61
424.59
404.13
396.65
416.10
442.90
438.13
420.53
431.11
429.03
417.07
413.65
427.54
432.32
423.09
435.34
415.79
400.75
410.11
432.52
428.45
398.21
416.33
451.61
415.12
402.43
414.24
441.58
399.60
404.74
422.24
416.24
398.70
431.37
422.33
441.27
421.59
415.15
429.49
423.30
426.62
426.23
426.74
423.23
435.97
439.11
408.80
449.24
417.00
438.71
428.04
415.40
424.68
396.92
408.18
420.61
395.99
433.68
412.59
   nan
408.49
399.54
413.30
412.78
416.13
424.55
422.60
404.74
421.88
413.33
420.39
410.37
419.63
   nan
424.69
415.72
422.98
445.06
417.04
427.49
419.49
432.70
408.91
423.91
435.14
421.30
427.15
427.07
417.86
436.38
423.88
404.66
419.77
432.04
427.91
423.66
389.22
422.81
402.83
437.98
410.88
438.27
446.95
413.32
456.58
426.59
392.73
405.97
426.85
437.46
437.38
423.03
432.99
390.63
441.97
   nan
435.40
423.95
408.60
401.56
398.81
440.09
426.97
421.90
415.99
436.21
425.28
377.01
419.07
383.31
414.33
420.79
406.14
455.69
   nan
420.78
430.72
416.76
407.06
421.01
423.72
401.32
420.93
433.04
429.15
435.14
437.72
423.96
381.36
434.86
418.19
428.46
419.42
436.65
450.20
428.86
430.58
383.29
416.04
445.74
442.60
421.47
430.08
414.77
415.33
392.20
402.24
433.81
380.26
419.39
448.93
445.54
425.79
417.86
438.47
385.50
416.95
410.23
404.84
432.69
417.45
426.92
431.92
432.15
414.35
405.66
438.67
416.17
410.80
414.36
405.90
442.54
407.13
426.02
455.13
434.04
421.33
410.70
410.16
419.79
431.66
422.90
407.52
427.90
398.17
411.70
419.80
423.16
405.98
410.50
406.73
416.04
420.62
435.44
426.58
409.71
405.03
426.74
405.19
439.41
421.14
430.38
409.53
430.26
445.77
426.48
395.36
408.44
   nan
420.49
401.47
442.00
437.62
400.07
420.75
429.64
436.15
410.99
423.59
408.99
429.43
418.72
404.19
403.88
417.35
413.00
433.66
416.92
433.25
417.95
427.89
399.67
441.81
408.71
442.67
424.47
434.13
   nan
428.52
   nan
434.44
408.25
429.22
397.62
440.72
404.60
416.56
453.23
426.04
414.34
389.84
397.43
424.14
440.20
412.04
443.77
   nan
427.39
387.97
412.25
   nan
432.11
420.05
409.03
388.22
443.95
428.54
412.56
449.02
399.29
   nan
404.32
402.71
438.81
412.09
446.36
419.29
455.64
402.71
433.15
421.58
401.98
440.50
422.74
418.08
416.86
398.05
418.62
416.58
425.44
401.86
425.35
417.95
464.94
455.01
434.53
422.81
437.17
435.44
397.79
423.07
   nan
430.51
435.18
435.12
423.06
411.73
404.86
446.87
416.38
420.24
448.56
403.14
415.51
439.97
415.73
409.14
409.21
436.13
448.21
429.83
398.30
441.03
406.54
426.22
449.51
426.65
430.32
394.33
420.10
426.66
428.84
425.38
394.73
404.63
418.79
410.34
405.94
409.57
412.03
396.59
427.49
423.79
412.99
429.13
421.37
406.62
439.69
407.71
427.99
418.18
414.27
424.36
432.93
440.29
427.27
408.96
411.31
450.32
433.20
416.96
424.70
431.53
416.41
417.66
447.29
420.15
401.82
429.52
395.20
399.29
418.70
421.76
400.01
405.89
430.59
410.28
435.03
397.80
400.51
433.29
434.43
402.50
422.37
415.80
426.75
413.81
436.13
401.80
427.63
419.03
410.05
422.93
437.77
397.69
406.37
431.49
396.00
432.47
408.57
430.26
418.36
427.38
422.94
422.84
425.08
441.82
   nan
410.34
405.14
436.68
416.77
408.58
417.00
429.21
419.25
429.51
421.20
439.77
421.82
431.91
416.93
419.65
425.58
447.56
416.70
   nan
422.64
413.68
448.12
441.40
411.27
435.95
432.94
440.48
420.21
377.36
409.85
399.59
421.27
419.42
397.77
454.00
397.04
404.65
426.89
407.31
420.09
422.38
440.86
419.02
422.58
423.95
408.72
441.72
403.60
399.46
424.70
403.82
416.76
410.99
406.70
423.45
417.40
440.13
419.79
430.48
390.45
436.81
437.26
418.07
396.26
442.45
438.05
432.11
444.17
430.24
413.43
424.80
406.37
437.59
410.95
419.65
402.73
404.45
434.95
423.80
448.57
449.92
415.95
400.55
415.71
413.10
422.29
418.77
430.18
409.43
398.54
400.50
402.09
426.00
427.42
408.65
402.35
428.07
424.06
429.85
402.39
418.87
419.09
434.90
412.89
393.80
420.54
395.28
436.77
436.19
420.34
413.55
407.82
389.87
398.13
428.82
431.30
412.95
436.60
410.72
439.45
416.69
427.00
425.82
434.08
457.69
412.77
405.12
435.30
419.09
435.39
420.30
431.19
436.24
420.90
421.15
438.19
432.61
   nan
428.87
406.90
432.30
410.37
402.51
415.11
421.79
396.94
439.41
416.29
425.68
440.24
420.13
404.06
412.93
420.44
437.47
414.34
399.52
416.30
414.03
450.51
423.44
441.34
393.93
403.61
   nan
411.20
434.80
421.20
436.97
422.85
396.63
414.33
411.66
420.00
437.51
411.44
429.86
399.62
424.36
423.91
426.37
426.55
404.63
436.17
453.17
393.58
425.77
394.30
403.91
434.86
421.76
433.91
411.42
427.16
420.35
426.87
416.94
388.91
405.79
409.14
421.08
428.21
424.09
418.17
413.24
432.06
410.59
417.23
435.94
409.73
411.25
410.86
415.73
402.45
415.95
427.48
403.08
419.36
418.80
443.82
401.52
431.13
425.19
392.93
427.16
414.84
423.10
410.51
421.25
453.98
442.01
450.06
440.35
451.57
435.36
429.55
423.31
428.16
427.14
428.19
400.33
422.40
455.69
420.21
425.65
429.52
432.00
421.37
   nan
429.34
416.06
408.55
418.81
397.37
421.26
421.20
   nan
404.33
435.19
407.61
398.15
416.81
424.14
432.11
432.59
412.77
427.06
407.30
438.28
415.60
403.21
409.97
424.32
373.98
428.10
413.38
440.20
413.96
414.13
413.75
419.47
439.75
447.79
435.17
420.61
420.65
450.21
428.33
398.12
412.39
397.06
429.03
394.18
397.61
435.89
386.52
433.76
444.53
435.65
432.06
415.01
427.82
423.41
435.95
420.55
398.91
385.03
438.25
419.86
450.62
446.48
399.34
436.65
409.59
385.72
437.70
431.85
   nan
435.47
418.13
420.20
400.59
425.47
413.81
427.04
445.58
434.32
424.73
396.73
406.05
444.47
429.15
424.79
453.37
447.90
422.57
415.43
   nan
445.02
422.08
397.19
396.48
386.58
395.83
393.02
435.25
402.73
409.20
397.58
434.39
416.93
413.73
403.43
446.17
390.18
405.53
430.93
426.27
428.88
404.97
421.33
409.97
430.09
420.03
423.75
399.69
414.59
398.01
424.92
420.38
405.76
395.36
393.20
425.80
438.44
398.23
437.57
425.20
449.50
424.59
418.21
431.11
415.45
405.87
414.78
   nan
427.74
409.61
424.51
415.19
423.06
417.54
435.67
412.36
425.85
440.95
429.78
401.27
450.87
393.70
444.78
419.86
417.93
431.70
431.34
426.29
446.95
428.98
425.59
445.80
411.82
418.50
430.27
439.44
388.91
435.00
419.72
428.44
407.50
424.71
423.79
420.55
435.40
439.42
431.75
408.72
424.47
418.38
395.53
417.55
426.81
   nan
448.08
431.96
384.56
420.83
396.79
436.70
419.50
436.53
402.15
394.49
426.54
428.51
417.92
427.15
441.20
416.52
410.09
406.62
428.33
434.77
447.00
435.43
416.44
416.87
437.88
442.13
390.22
428.96
441.62
427.89
390.68
410.40
422.25
413.14
403.16
427.88
416.85
427.06
428.89
382.23
425.72
406.23
421.19
427.33
416.19
404.08
434.04
400.29
423.85
437.19
410.05
413.71
401.90
431.74
412.48
431.16
422.11
443.29
435.22
414.28
451.13
437.63
416.40
422.75
434.00
428.28
424.66
452.55
428.51
422.18
388.54
422.71
430.04
417.89
413.55
398.67
   nan
425.50
403.05
422.27
420.96
423.90
423.01
382.19
413.65
437.67
404.59
435.00
411.37
409.40
420.45
424.80
440.88
426.13
   nan
433.46
463.33
402.88
418.83
414.96
422.46
433.81
442.00
457.08
379.81
436.31
413.44
411.81
427.29
419.35
441.26
405.60
405.98
441.13
433.94
406.56
444.81
410.38
435.91
441.47
440.62
430.68
411.91
436.59
421.14
436.97
433.51
429.15
413.28
414.62
430.10
403.96
423.95
440.42
415.74
426.04
420.88
404.09
421.99
419.82
384.67
426.99
401.16
440.26
411.45
432.77
414.86
410.92
410.79
422.85
416.15
406.56
424.84
419.56
393.35
427.73
414.38
412.98
391.51
396.02
416.78
412.46
429.32
427.74
425.73
414.66
423.25
405.95
433.36
442.53
435.90
423.29
432.87
400.27
410.74
410.95
421.96
432.04
399.55
416.33
436.70
397.42
396.72
410.07
415.32
426.76
439.62
457.16
428.01
447.36
416.80
410.64
463.71
416.12
407.82
443.37
418.41
437.04
432.27
428.24
425.33
411.76
434.21
399.41
451.35
430.25
400.91
438.12
421.44
402.92
427.77
444.00
442.18
410.04
414.90
431.03
416.40
414.08
420.13
417.70
407.14
431.89
414.54
439.41
435.79
410.02
411.41
399.64
439.06
413.45
399.85
   nan
436.07
428.07
400.38
433.02
408.70
415.66
424.07
397.71
426.24
414.44
426.61
408.26
413.12
423.69
415.28
404.15
441.09
439.59
417.51
437.73
392.80
415.21
417.67
384.39
446.49
455.66
416.49
417.53
431.55
   nan
427.98
396.18
426.20
423.17
442.77
429.00
424.47
435.96
412.58
429.70
405.97
412.86
411.21
430.11
421.70
417.32
427.42
419.74
383.73
406.52
410.72
402.01
414.45
445.69
433.84
422.02
426.06
395.91
395.94
408.16
401.41
414.33
434.00
425.87
420.34
416.82
432.85
427.61
418.37
432.24
427.09
435.62
427.52
424.54
416.40
433.59
418.71
424.59
402.52
400.11
413.70
429.04
423.23
404.45
430.68
444.28
412.76
428.92
440.46
399.76
409.99
419.58
421.40
412.28
421.44
416.59
422.32
446.92
427.51
428.69
418.95
436.11
421.07
419.82
414.01
439.28
394.86
396.74
426.93
432.13
396.31
395.73
404.94
396.99
438.31
430.73
416.77
424.35
425.38
440.11
396.16
428.44
426.96
413.47
398.95
   nan
427.79
433.66
433.17
426.50
409.57
415.80
413.00
400.45
412.83
434.94
437.94
409.91
410.18
413.60
417.88
420.40
422.54
417.00
416.13
420.50
403.79
408.80
423.54
   nan
427.89
404.93
412.67
411.46
426.20
453.23
414.66
422.98
406.72
443.64
415.55
398.55
424.16
424.58
437.38
404.34
432.04
428.10
411.61
438.11
427.53
452.63
418.21
431.81
446.40
406.71
405.90
412.87
   nan
431.73
431.74
426.10
434.14
424.01
380.02
420.71
400.37
442.87
448.42
420.29
397.45
395.21
423.88
364.81
425.12
420.29
419.54
429.58
398.04
436.11
405.89
415.73
441.50
415.33
421.69
399.94
436.04
413.40
413.36
427.75
398.39
416.57
396.79
404.20
419.45
422.18
407.07
445.86
435.26
424.38
411.82
447.37
406.51
408.91
440.00
419.46
   nan
421.30
414.51
429.42
430.03
427.63
402.12
422.20
427.30
427.61
426.17
416.98
421.37
439.30
388.85
418.55
423.31
382.97
426.71
413.89
432.26
421.04
432.74
401.20
386.87
433.48
433.53
392.75
406.76
437.15
411.27
411.12
421.59
415.12
434.06
439.83
410.89
410.86
424.05
416.89
427.79
438.91
414.78
407.40
410.09
453.78
400.39
436.19
   nan
400.01
418.53
436.24
422.56
438.24
418.90
420.91
411.20
418.51
430.20
418.56
439.35
399.36
461.31
432.17
401.49
   nan
426.38
434.43
420.30
412.99
419.60
421.36
426.10
407.00
417.23
393.86
423.73
418.73
398.68
424.83
405.85
430.37
395.40
399.63
430.44
410.59
428.83
435.09
413.12
396.38
406.58
406.23
432.38
407.40
430.95
423.32
438.26
414.40
435.36
428.92
441.85
459.55
392.37
422.84
402.90
392.73
416.39
418.62
429.35
410.55
419.26
429.01
435.11
429.88
394.35
420.52
406.01
411.02
395.95
404.45
448.65
425.47
411.28
407.46
393.22
453.10
   nan
422.92
419.77
423.69
425.31
426.35
422.85
   nan
410.95
407.00
416.36
414.99
418.22
435.00
426.58
443.41
404.93
451.79
390.80
435.15
410.12
429.26
403.49
432.71
458.89
426.52
418.31
428.78
424.37
413.35
426.60
436.88
   nan
395.79
408.65
416.58
411.04
417.89
437.23
401.86
441.07
398.95
422.80
412.42
424.01
426.02
403.03
364.94
460.79
400.34
408.14
416.95
436.02
434.46
423.25
437.64
415.11
389.96
421.22
431.64
418.97
430.06
414.71
440.43
420.62
414.38
431.28
443.72
449.75
408.74
394.47
408.73
432.72
423.17
418.30
401.62
398.94
434.48
425.40
400.50
416.70
398.63
439.03
408.81
417.81
425.49
449.20
401.74
431.18
442.93
   nan
415.48
418.57
409.86
396.16
430.28
432.13
426.50
   nan
442.06
415.02
432.32
413.59
410.15
422.11
396.11
423.72
396.19
438.79
403.54
452.61
432.26
414.97
436.92
409.35
430.45
429.82
437.68
430.57
448.85
400.01
412.22
406.96
398.37
451.29
420.29
417.22
415.54
448.89
420.89
428.91
420.03
402.04
439.70
436.99
391.02
417.65
430.14
452.63
404.75
416.78
374.31
   nan
437.31
418.49
409.95
408.80
429.71
411.10
414.29
429.25
396.60
422.12
416.61
411.20
422.71
406.70
432.40
408.77
424.47
425.08
406.87
378.80
433.59
396.35
438.37
427.10
430.64
436.58
423.78
420.70
412.92
410.72
414.08
414.22
426.69
409.95
427.00
395.09
440.78
418.05
429.02
432.50
414.79
420.14
427.98
411.36
405.84
439.30
   nan
410.99
412.81
438.30
405.95
426.01
416.90
406.51
407.38
383.89
445.06
416.25
419.51
430.03
446.17
414.51
422.84
451.57
427.35
447.28
412.78
417.90
418.38
409.32
401.81
440.85
409.34
409.60
388.98
400.91
403.50
411.49
414.30
401.26
406.65
407.58
421.58
413.30
445.27
397.17
412.32
409.96
421.76
411.01
413.25
454.90
432.98
425.73
408.43
404.42
387.40
409.22
419.35
431.25
409.44
383.03
410.28
426.51
436.37
413.46
394.24
397.43
432.28
410.74
442.35
431.38
414.55
407.49
399.30
409.71
423.95
442.94
413.02
445.28
432.33
424.39
396.79
432.80
435.15
404.99
396.09
419.23
393.02
440.59
396.04
407.44
421.26
419.85
426.81
409.16
428.37
416.10
424.12
423.80
405.08
424.19
415.37
417.24
419.59
425.46
424.85
430.98
418.10
410.79
435.66
437.26
434.64
440.51
   nan
444.73
   nan
422.35
442.02
370.91
381.71
416.54
397.08
436.36
401.02
400.65
431.94
402.24
428.02
377.26
418.43
411.34
414.31
433.40
427.93
420.22
418.17
   nan
407.25
437.75
433.02
424.93
420.15
420.56
420.84
432.81
406.91
421.57
417.98
416.83
408.51
409.23
427.96
415.37
425.96
403.14
397.04
411.96
434.22
421.90
409.93
404.58
388.67
406.85
427.09
419.10
409.02
429.18
428.53
417.61
425.37
438.40
391.69
381.89
412.72
405.60
406.62
411.52
420.16
423.38
384.58
412.57
395.10
426.57
436.94
398.57
393.08
416.56
457.38
392.04
422.25
432.17
429.80
410.78
435.57
435.60
430.34
430.99
439.81
446.99
438.37
440.10
426.29
415.69
423.54
420.24
420.33
387.11
452.45
   nan
433.26
416.35
   nan
434.77
398.56
420.02
404.49
385.04
408.87
412.29
420.46
453.72
423.10
393.02
404.11
416.35
425.57
431.27
428.41
436.60
404.68
410.45
417.91
448.16
422.23
431.69
407.89
380.74
401.94
423.72
441.18
424.06
433.31
412.88
413.69
422.87
421.30
415.75
424.23
397.86
415.76
403.90
418.91
427.13
442.07
423.18
401.88
414.86
431.34
401.58
394.02
422.12
448.59
415.60
444.66
403.21
426.01
417.90
436.19
435.24
   nan
421.72
401.50
443.06
422.19
432.20
407.87
418.76
429.93
434.23
396.10
431.66
414.92
408.43
396.09
400.46
437.59
436.29
428.57
430.15
418.57
410.22
408.53
395.84
444.03
427.09
428.57
411.01
389.13
409.11
416.80
408.95
400.68
425.13
437.46
   nan
406.88
429.96
394.98
422.48
429.54
422.89
439.22
394.94
402.34
441.26
428.98
   nan
399.59
408.38
421.08
445.31
399.03
423.78
   nan
403.99
429.02
421.85
   nan
429.88
414.53
430.35
394.38
416.52
449.67
428.22
403.52
422.62
426.03
434.89
424.88
402.62
439.71
417.75
426.62
415.54
   nan
415.98
413.03
423.06
423.65
420.47
402.86
440.10
424.27
425.61
   nan
431.69
422.70
391.05
425.25
   nan
412.98
430.90
424.24
432.31
420.87
417.97
   nan
428.99
404.31
412.14
433.84
439.54
395.56
429.55
396.17
422.37
413.44
435.63
434.69
432.91
383.96
437.66
412.65
423.90
405.88
432.46
399.98
404.89
415.92
432.12
456.44
417.73
435.01
429.94
416.81
434.01
401.96
434.17
413.85
415.41
430.74
444.74
400.32
425.61
430.73
442.10
401.89
401.58
427.74
452.04
419.77
418.37
414.92
410.25
458.54
413.09
398.84
415.50
441.86
395.84
421.68
417.68
424.90
411.85
427.37
432.35
425.89
443.51
423.24
413.75
443.05
429.32
421.84
432.83
437.55
439.15
396.92
459.62
421.67
416.45
416.30
432.89
424.25
404.36
393.72
434.14
408.39
441.73
408.16
416.32
424.86
422.47
405.40
409.20
425.66
423.23
451.85
455.23
410.84
415.03
410.95
420.32
423.52
409.98
408.02
408.96
429.29
401.68
413.41
415.73
435.99
408.46
404.47
432.17
440.45
422.54
423.85
414.29
443.39
408.94
432.56
421.07
428.77
395.28
404.84
401.74
420.15
435.83
406.22
397.64
414.55
421.32
   nan
433.76
426.31
419.76
421.39
411.44
422.23
413.83
413.66
399.36
424.40
410.60
376.16
400.90
418.81
407.14
412.95
415.52
389.56
404.90
435.80
422.61
434.33
430.99
393.33
405.17
422.48
414.56
403.39
432.55
401.39
447.03
446.13
413.63
424.18
418.20
420.91
441.33
442.17
   nan
442.59
415.87
425.88
409.71
424.52
440.07
392.43
   nan
417.15
410.95
431.87
406.80
412.83
408.15
424.26
418.26
423.57
412.44
418.30
413.19
417.37
445.97
429.65
401.24
405.71
426.81
396.99
381.62
406.82
417.72
398.90
438.03
430.30
427.10
436.06
439.78
404.67
432.39
431.60
432.24
407.73
418.27
440.85
413.13
428.50
441.44
409.60
402.10
445.73
442.33
393.86
399.91
421.88
437.22
400.44
431.22
446.86
423.25
412.46
455.91
410.80
388.24
416.47
424.38
424.35
440.58
419.23
431.39
413.52
425.83
   nan
426.18
436.41
427.66
392.44
406.09
432.82
411.86
430.40
423.93
438.82
443.91
414.21
401.80
430.23
424.38
422.07
425.74
437.99
441.09
441.52
405.89
428.19
417.32
408.48
412.97
414.58
423.42
420.76
424.96
427.94
407.08
405.05
415.36
418.70
396.82
416.89
418.40
402.17
450.65
401.66
398.78
398.79
404.36
412.93
419.88
423.93
448.07
428.58
445.39
425.82
430.36
406.44
426.20
427.79
434.90
415.02
407.59
411.95
411.67
415.81
432.41
397.45
421.37
439.68
399.85
427.10
439.55
431.78
421.78
421.06
436.40
408.72
428.65
439.10
423.02
418.18
   nan
434.42
397.14
416.53
416.42
397.36
402.66
422.87
446.85
422.75
436.48
432.91
420.86
445.51
418.00
396.86
407.12
438.01
423.03
420.09
413.73
394.71
423.45
456.76
417.52
387.37
423.73
416.33
420.63
403.34
390.22
428.75
422.26
414.05
412.07
402.43
409.96
403.83
437.61
420.89
421.45
414.58
433.05
442.61
437.53
434.66
410.65
418.72
432.06
421.19
423.97
414.48
426.48
433.74
427.84
413.37
408.93
436.27
398.18
422.06
454.88
438.95
401.02
428.76
426.98
427.89
417.48
420.10
429.68
426.03
427.01
420.93
408.64
441.63
439.55
410.77
425.19
421.51
416.49
412.55
412.40
420.96
405.72
   nan
403.71
457.82
414.51
428.80
422.04
409.98
407.37
430.97
429.15
417.52
434.02
453.08
409.76
416.05
425.64
438.35
402.41
438.41
425.31
393.55
419.49
443.32
421.45
411.67
423.37
413.92
428.14
436.73
418.42
417.36
420.06
425.45
436.60
412.66
420.69
435.22
427.69
410.81
423.14
434.82
424.40
398.96
409.00
433.00
433.46
432.37
421.63
446.29
439.58
394.40
428.63
426.21
420.33
416.78
444.00
419.55
409.17
397.30
   nan
418.18
410.81
429.49
414.85
427.53
412.74
411.59
439.22
431.60
427.77
426.63
452.24
435.19
   nan
433.79
418.39
392.88
448.45
432.78
403.84
411.91
376.17
418.75
392.96
405.35
418.25
423.79
440.00
403.55
409.82
422.93
429.90
419.91
420.99
394.81
420.80
459.80
412.09
413.81
441.13
437.60
439.61
446.17
451.50
415.09
435.88
427.44
429.41
409.84
442.88
423.82
415.42
437.65
   nan
420.02
421.17
405.36
   nan
413.28
441.03
401.30
417.10
414.81
436.48
425.13
428.53
420.24
415.65
414.03
423.98
432.08
405.53
424.39
426.12
393.11
408.36
403.85
395.01
419.46
415.92
448.06
408.50
395.91
410.84
442.75
426.57
   nan
421.95
407.52
405.13
429.29
419.85
415.66
412.26
462.35
444.62
419.69
408.00
426.18
437.76
421.51
444.93
   nan
411.42
431.59
405.92
423.17
437.61
405.74
412.91
407.00
404.40
413.84
435.07
414.45
424.94
423.17
413.65
403.16
420.56
415.75
444.32
430.92
   nan
415.52
419.74
400.59
   nan
424.60
414.36
414.37
402.30
409.87
416.18
446.27
418.62
   nan
460.70
427.21
430.43
435.33
399.34
425.86
443.07
426.09
431.59
416.68
423.20
   nan
422.39
   nan
410.96
436.74
419.00
412.24
435.66
399.05
407.54
432.80
419.37
418.95
424.41
416.54
440.12
   nan
424.46
425.17
389.81
412.38
437.72
394.74
432.29
418.29
435.13
419.42
418.46
414.90
425.72
411.49
431.00
449.66
437.10
421.26
448.00
438.71
443.01
422.64
440.80
407.87
408.72
400.52
415.54
442.66
418.35
426.24
429.50
418.46
426.81
423.28
415.42
420.41
418.03
410.07
417.88
422.76
422.81
   nan
430.37
440.68
416.04
412.44
443.17
400.26
400.65
436.83
436.74
420.58
420.31
413.96
450.87
   nan
409.89
420.66
412.83
426.08
432.63
426.73
424.02
412.12
405.59
397.36
421.00
422.38
443.54
431.03
421.90
425.79
394.41
442.55
393.49
394.01
422.61
433.45
421.86
408.04
409.97
407.37
430.16
408.15
440.17
426.48
403.30
424.67
413.65
421.66
435.67
429.75
410.79
   nan
425.34
432.80
430.13
409.43
413.22
418.67
415.66
415.71
426.55
393.79
432.90
425.84
418.56
447.83
401.55
426.46
419.24
415.77
395.68
394.08
444.19
439.02
431.72
413.29
392.77
421.04
438.14
411.52
426.83
432.52
424.35
413.26
406.83
413.20
422.34
422.07
410.90
395.44
408.59
427.31
425.90
   nan
440.36
405.93
422.98
407.50
416.14
410.10
412.49
400.86
433.64
420.04
394.21
419.98
421.14
420.57
434.99
414.77
426.72
403.69
423.81
424.20
401.04
411.50
418.75
423.85
427.56
437.43
431.22
425.45
446.94
401.30
435.99
412.91
412.99
433.06
430.14
425.31
400.25
418.46
435.24
415.47
435.26
408.00
425.34
431.05
416.81
385.61
432.74
423.63
429.20
447.24
442.59
445.00
394.53
408.42
431.31
438.02
421.85
433.69
394.33
441.05
409.02
444.06
428.24
421.86
418.30
436.02
423.31
   nan
435.65
408.39
410.20
409.89
430.37
420.83
417.90
432.24
429.75
399.15
427.05
439.28
432.40
435.85
413.31
413.06
403.64
403.11
   nan
396.62
403.40
429.04
448.26
416.76
442.40
403.10
447.81
418.44
413.98
429.95
420.58
   nan
419.08
412.24
433.16
399.38
421.87
421.36
410.52
417.79
423.15
416.22
431.06
414.31
431.54
420.34
444.44
415.40
440.59
403.62
402.93
430.78
441.19
402.18
425.73
415.64
446.25
410.42
410.61
440.19
383.96
421.84
407.51
414.22
444.97
393.37
421.91
412.31
420.77
400.00
421.37
414.44
425.66
427.59
404.61
450.68
432.92
420.42
   nan
   nan
434.48
418.74
467.44
416.52
420.17
417.51
452.57
445.48
418.32
446.14
414.31
421.90
415.97
422.78
398.14
425.77
400.70
408.75
   nan
411.96
436.20
402.97
403.63
459.18
434.14
432.17
425.54
391.53
413.94
   nan
402.99
430.78
403.53
416.14
423.27
451.48
451.86
403.43
421.47
427.54
415.26
393.88
420.46
415.41
414.57
423.16
416.04
400.98
399.36
417.31
379.84
417.03
427.48
401.46
435.89
392.55
413.59
428.04
431.49
433.72
405.50
411.61
412.70
424.48
421.83
392.62
413.02
397.02
420.14
   nan
426.93
396.19
432.30
427.33
435.33
420.98
399.42
430.41
414.06
412.20
424.75
416.85
410.72
419.24
420.09
453.53
438.11
407.18
   nan
410.46
404.03
392.46
431.14
   nan
391.32
432.55
431.00
425.67
424.93
440.92
411.65
410.95
411.62
395.35
409.59
428.92
405.93
418.12
403.03
448.13
407.63
415.31
399.27
409.83
451.00
401.93
433.69
413.93
421.85
427.63
403.22
450.52
432.81
418.62
419.92
437.23
425.14
433.17
419.34
418.00
413.02
450.82
426.19
400.29
416.52
408.32
403.68
383.80
431.05
429.56
   nan
423.66
428.03
453.74
418.27
428.44
441.59
415.11
405.20
419.71
408.85
413.07
413.62
402.94
434.98
442.09
381.83
406.97
404.27
417.91
419.44
415.00
416.11
396.46
441.80
411.62
424.69
401.39
424.32
409.56
408.26
427.19
423.08
405.95
422.20
444.56
413.61
436.19
395.67
386.40
432.38
465.34
424.47
424.19
450.85
443.61
   nan
431.28
411.87
442.40
416.40
414.79
405.00
407.85
433.62
   nan
408.48
434.90
399.16
408.61
428.21
434.25
430.00
431.46
440.87
409.29
423.17
427.78
423.69
406.25
404.14
416.33
446.17
406.23
426.51
432.00
429.34
   nan
422.96
422.93
   nan
407.40
394.55
408.69
427.53
430.12
420.55
422.42
403.28
376.97
417.69
413.00
426.49
401.34
411.49
414.41
429.23
417.83
414.40
   nan
393.90
424.89
440.82
398.40
415.48
394.87
   nan
427.20
392.11
426.64
427.00
443.25
412.43
420.69
   nan
423.93
456.73
406.68
442.25
397.71
409.58
398.17
386.53
410.77
402.10
421.38
426.00
435.26
431.21
415.21
410.79
425.34
428.02
405.15
423.62
406.39
401.60
394.40
426.41
410.16
421.93
455.08
422.47
412.36
406.59
423.18
417.77
419.80
398.12
413.57
437.16
422.70
409.85
432.54
412.55
401.39
394.54
406.70
425.94
430.17
418.95
422.01
421.90
426.51
417.19
437.31
440.53
420.17
417.76
422.88
447.51
439.73
437.70
410.00
425.20
   nan
440.43
420.98
403.24
441.78
431.74
397.55
410.80
405.35
438.51
438.94
433.97
411.90
443.18
418.05
416.10
429.57
426.26
413.93
416.47
405.41
426.92
433.71
419.76
419.37
397.50
421.15
412.06
424.70
406.72
419.51
416.44
425.44
431.54
422.04
418.17
408.33
386.64
422.89
405.66
413.06
436.23
421.02
420.73
435.55
431.51
408.12
428.18
399.41
417.16
397.99
416.72
444.04
437.64
398.29
422.00
420.73
414.63
431.51
427.09
422.99
423.67
396.55
401.87
418.87
404.34
406.37
415.77
448.06
440.58
415.65
416.69
405.23
415.87
407.29
428.26
402.92
405.74
418.70
401.57
428.50
412.76
417.46
424.22
430.47
394.17
420.58
456.71
429.31
426.43
413.34
401.76
430.39
433.12
419.39
411.11
420.43
401.31
432.30
406.56
419.99
392.71
418.69
416.22
428.09
415.00
447.62
431.77
419.08
428.53
440.41
436.30
389.25
399.92
425.76
   nan
407.09
417.51
442.19
444.70
   nan
412.29
415.33
431.74
426.71
419.93
431.64
   nan
421.49
423.32
   nan
   nan
417.05
445.72
422.68
413.98
428.27
428.14
456.13
   nan
421.46
399.02
416.51
416.54
427.33
430.17
451.53
445.87
424.90
   nan
424.45
403.29
414.33
433.15
399.52
401.95
423.73
392.68
432.73
408.90
430.15
417.29
396.14
410.29
404.87
418.70
434.40
419.28
430.07
447.37
414.62
435.91
435.93
422.01
421.12
396.96
408.35
409.00
381.71
413.46
425.13
403.36
450.45
430.59
413.67
424.48
410.55
425.76
391.59
425.10
422.35
416.95
430.12
434.36
415.83
416.02
384.92
419.08
404.62
389.86
412.28
426.12
423.57
419.03
421.84
418.94
412.73
455.97
406.74
420.16
419.58
421.94
422.16
443.71
423.15
396.14
417.99
399.07
433.84
401.39
423.06
412.91
406.11
427.69
454.13
427.02
409.41
437.91
422.42
461.49
415.62
401.37
394.79
414.51
421.81
405.37
401.40
405.45
   nan
430.66
396.59
443.25
451.52
428.30
417.13
414.53
403.61
432.01
432.85
422.14
419.13
417.05
419.66
405.10
387.98
434.94
411.74
409.91
431.93
438.06
   nan
425.54
394.63
389.29
421.91
413.99
403.05
435.48
430.57
399.60
434.13
421.62
392.16
439.49
429.30
407.97
422.62
407.88
430.08
422.27
413.48
446.10
406.84
421.90
418.56
422.09
434.63
425.86
429.08
426.02
414.66
451.25
412.82
415.80
440.47
413.40
412.64
418.13
419.19
439.78
415.72
445.06
429.34
431.10
418.05
   nan
414.82
401.72
407.47
421.89
443.28
426.83
451.22
408.38
394.50
401.21
402.50
   nan
434.68
414.03
405.17
442.50
439.44
428.19
394.58
412.31
409.58
433.58
417.48
413.55
413.84
412.36
410.21
408.72
423.36
