 928.52
 865.84
 944.96
 873.95
 938.04
1074.92
 800.77
 885.31
 956.13
 869.62
1076.11
 983.24
1034.84
 880.81
 984.15
 951.52
 956.78
 883.71
 899.25
 844.79
 843.52
 742.38
 767.62
 734.95
 835.92
 902.27
 834.62
 916.28
1016.31
 984.48
1003.25
 792.14
 883.22
 833.87
1145.80
 781.51
 727.91
1048.76
 894.95
 750.07
1111.10
 958.45
 879.66
 954.16
 979.77
 814.49
 910.38
 788.97
 902.47
 975.74
 845.06
1065.69
 752.92
 885.00
 860.92
 886.08
 783.35
 891.61
 862.26
1111.38
 917.79
 973.83
1003.39
 820.16
 894.01
1051.85
 921.16
 907.15
1110.79
 954.50
 917.53
 924.34
 992.96
 812.97
1004.30
 927.10
 711.90
 848.93
 912.04
 780.66
 942.19
 796.64
 856.24
 808.96
 798.52
 950.78
1036.77
 891.30
 875.17
 936.66
    nan
 847.91
 915.02
1022.52
 886.10
 989.93
 961.41
 867.49
1023.10
 862.52
 965.48
 866.18
 762.89
 793.47
 885.34
1095.67
 895.19
    nan
 791.06
 930.59
 985.58
 984.10
 970.02
    nan
 841.77
 999.28
1074.34
1027.27
 967.07
 913.37
 915.06
 902.77
 873.76
 926.47
1104.82
 945.52
 965.12
 837.95
 931.86
 875.51
 969.91
1133.48
 919.53
 983.07
 935.67
 907.30
 885.00
 744.91
 885.99
 804.44
 947.14
 870.81
 964.36
 905.57
1065.21
 955.65
1069.70
 946.88
 852.37
1079.88
1032.04
 728.99
 949.15
 882.52
 867.64
 968.71
 867.14
 896.61
1024.00
 879.12
 669.59
 912.07
1001.95
 761.90
 894.71
1024.30
 943.52
 876.59
 919.72
 933.21
1031.19
 932.49
1106.28
 915.77
 755.35
 987.10
 993.51
 937.26
 990.84
 564.55
 830.05
1031.67
 984.32
1030.08
 894.46
 894.44
 965.94
 942.43
 971.88
 867.99
 876.67
 910.49
1060.05
1025.21
 746.99
 939.83
 745.75
1090.73
 865.79
1089.69
 989.13
 914.90
 949.84
 880.08
 901.97
 854.92
 898.71
 758.78
 933.22
 743.18
 823.60
 856.39
 899.27
 986.68
 899.68
 910.75
1004.27
 821.20
 860.25
 856.55
 919.78
1104.75
 817.63
 801.38
 883.94
 990.39
 717.11
 866.73
1079.03
 965.49
 761.96
 859.16
 786.53
 870.36
 851.22
1031.24
 984.39
 983.47
 880.20
1028.19
1013.29
 861.24
1105.94
 874.84
 840.22
 820.59
 925.23
 990.98
 973.81
 970.39
 982.20
 871.76
 875.55
 947.22
 806.22
 882.87
 903.97
 866.41
 949.61
1038.44
 786.63
1046.18
 949.45
1045.09
 873.60
1022.93
 892.32
    nan
 908.54
 902.30
 917.12
 968.70
 875.11
 741.40
 995.29
 882.88
 841.85
 839.79
 864.52
 692.83
 858.74
 754.20
1001.73
 869.58
 927.13
 920.65
 910.06
 971.46
 901.01
 915.22
 965.28
1045.74
 983.31
 946.66
 794.04
 908.16
 907.12
 855.41
 945.49
 793.57
 750.70
 852.98
 963.21
 977.41
 924.42
 867.97
 945.94
 903.30
 797.03
 886.56
1002.76
 807.51
 921.76
 842.61
 926.46
 937.80
 803.18
1011.37
 694.16
 952.74
1063.91
1010.84
 807.24
 803.01
 582.77
 915.27
 951.56
 846.46
 843.60
 750.83
 903.85
1017.33
 834.00
 869.88
 703.57
1013.81
 935.16
 800.40
 918.80
1027.23
 976.43
1063.64
 943.19
 907.24
    nan
 669.11
 791.58
 834.65
 738.19
1049.46
 951.10
 955.95
 766.66
 658.83
 927.08
 782.42
 932.24
 979.74
1014.22
 865.55
 972.78
 689.06
 848.32
 874.74
1071.28
 840.31
 971.45
 842.41
 980.60
 854.43
1056.01
 910.08
 695.20
 946.55
 897.89
 763.35
 686.30
 851.92
1071.44
 988.02
 858.66
 802.55
 795.03
 932.07
 964.46
 866.05
1044.67
 928.87
 940.85
 983.07
 938.97
 910.22
 853.46
 688.27
 900.72
 881.87
 681.12
 890.12
 982.13
 897.45
 892.00
 956.75
 888.36
 997.80
1022.81
 892.33
 964.26
 905.41
 891.15
 842.94
 905.06
 774.51
 860.54
1047.24
1000.18
 865.62
1000.07
 926.37
 976.02
1103.24
 970.82
 874.06
 914.77
 847.82
    nan
 877.65
 815.06
 736.83
 841.27
1000.56
 898.58
 984.75
1029.50
 759.67
 734.09
 741.69
 787.41
 909.88
 974.27
 906.98
 950.28
 949.51
 909.36
1016.11
 722.03
 934.39
 991.24
 841.32
 893.35
 814.32
 969.51
 952.72
 768.01
 976.95
 955.64
 906.13
 971.41
 775.08
 882.47
 901.02
 939.29
 791.82
 714.88
 698.71
 968.58
 784.68
 976.67
 809.87
 757.97
 899.20
 951.90
 925.02
1087.92
 671.32
 825.36
 865.18
 959.92
 733.41
 967.55
 718.35
 985.17
 716.64
 944.26
 793.02
 981.19
 944.37
 682.50
 933.34
 870.24
1100.14
 897.22
 727.91
 845.70
 871.68
 987.55
1122.89
1034.06
1004.08
 907.04
1042.82
 872.66
 906.74
 974.02
 899.23
 936.12
 941.09
 992.24
 933.71
 990.41
 797.38
 766.99
 906.19
 841.06
 829.29
 786.33
 961.94
 791.68
1007.46
 901.35
 937.90
 809.20
 815.52
 954.21
 943.30
 921.84
1062.92
 959.77
 781.91
 898.66
1088.39
1102.94
 939.65
 853.24
 967.60
 984.83
 866.48
1057.20
 946.47
 894.72
 841.68
 760.38
 900.23
 862.14
 973.82
    nan
 985.59
1058.97
 946.17
 944.10
 903.28
 962.51
1073.15
 908.88
 888.31
 812.37
 788.18
 785.25
1040.72
 764.13
 901.62
 958.31
 955.20
1057.07
 904.46
 825.70
 655.42
 894.68
 959.67
 892.31
 966.36
    nan
 808.57
 884.85
1022.67
1010.63
1154.50
 908.98
 933.47
 942.75
 927.22
 671.72
 821.91
 886.90
 930.14
 880.51
 757.79
 781.78
 765.07
 970.23
1063.51
 731.10
 936.73
1012.42
 764.81
 904.86
 936.20
 904.30
 969.08
 919.60
 840.90
 791.81
 960.94
 890.85
1029.76
 859.24
 812.36
 974.07
 869.78
 913.01
    nan
1015.75
 994.65
1028.60
    nan
 780.59
1134.60
 603.01
 884.85
 910.11
 960.38
 925.00
 875.92
 971.25
 800.47
1012.87
 836.51
 805.17
 840.71
 753.43
 837.32
 759.66
 794.95
 826.00
 874.95
1105.95
 868.08
 862.66
 870.31
 898.10
 775.08
 854.08
 858.54
1047.16
 791.30
 972.72
 890.44
 942.63
 880.96
 926.14
 869.55
 896.65
 975.71
 958.12
 926.38
 742.62
 899.46
 871.31
 732.47
 932.14
 754.99
 753.00
 979.44
 777.27
 783.75
 988.26
    nan
 688.87
 859.44
 983.84
1026.99
 848.92
 963.06
 839.64
 870.50
 808.89
 842.72
 971.01
 917.58
1101.53
1055.09
 834.51
 811.29
 904.04
    nan
 831.94
 795.55
 853.20
 927.34
 781.68
1210.71
 920.65
 906.98
 830.26
 752.18
1102.15
 965.18
 770.85
 883.66
 780.04
1069.10
 971.67
 885.34
 818.43
 957.44
 917.33
 898.69
 867.34
 884.04
 619.58
 880.33
 580.93
 848.79
 737.30
 706.94
 876.01
 936.00
 938.30
 954.25
 889.64
 915.40
 867.06
 871.78
 941.42
 788.15
 904.03
 923.91
 747.72
 885.15
 824.48
 915.40
 874.09
 878.57
 876.19
 886.19
 825.32
 910.77
 796.18
 738.13
 876.73
1061.61
 803.65
1094.84
 864.14
 808.52
 857.32
 774.59
 847.81
 905.59
 737.47
1013.15
 901.92
 935.08
1059.77
 876.11
 843.52
 932.03
1002.12
 892.29
 933.38
1018.46
 869.40
 926.13
1005.69
 781.93
 914.03
 889.45
 676.08
1168.42
 832.68
 855.32
1019.47
 796.58
1003.00
 934.51
 937.63
 895.11
 838.16
 943.52
 940.36
 790.75
1067.27
 954.08
 991.42
1066.30
1047.55
 760.42
 816.67
 942.84
 936.46
 923.83
 895.08
 957.60
 957.69
 756.69
 979.58
 941.91
 972.81
1005.64
 916.15
 933.81
 901.11
 973.14
 829.82
 827.53
 837.86
 856.44
 876.66
 842.95
 779.69
 878.20
 920.77
 867.53
 695.01
1141.59
 788.30
1087.49
 854.78
    nan
 834.03
 913.84
    nan
 785.45
 970.05
 870.11
 970.82
1027.10
 829.03
 997.92
1004.22
 964.20
1038.67
 730.25
    nan
1018.52
 811.71
 827.35
 917.88
1046.91
 881.61
 930.19
 980.10
 816.09
 957.61
 800.69
 904.67
 904.20
 820.41
 927.84
 898.51
 894.99
 947.06
1009.60
1097.14
 989.83
 975.43
 848.72
    nan
 713.36
 984.50
 880.45
 967.24
    nan
1015.48
 939.24
 766.22
 931.00
 929.39
 996.52
 954.88
 815.23
 932.15
 824.35
 898.96
1007.51
 808.42
 773.58
 884.75
 890.27
1015.90
 817.04
 917.61
 767.35
1064.74
 911.37
 939.33
 975.11
 939.54
 842.07
 984.50
 855.65
 971.74
 846.38
 966.57
 734.79
 955.18
 765.50
 875.20
 960.81
 823.65
1024.77
 859.05
 850.21
 822.28
 967.32
 887.05
 884.30
 888.19
 912.12
 907.25
 763.53
 953.02
1043.56
 905.69
 841.11
 920.30
 842.23
 902.29
1029.47
 949.61
 925.28
 787.00
 906.66
 959.08
 824.78
 778.85
 870.79
 721.86
 939.51
1131.37
 993.06
 905.97
 874.43
 810.18
 986.95
 789.09
1109.27
 925.32
 923.71
 770.34
 882.72
 872.77
 839.09
1017.56
1162.32
 930.37
    nan
 846.06
1056.55
 900.23
 889.95
 811.85
1098.48
 725.35
 832.16
1018.16
 958.40
 836.17
 778.44
 786.19
 951.28
 937.33
 752.27
 818.89
 934.03
 909.98
 957.72
 932.20
1037.15
 908.64
 828.44
 954.13
 825.39
 894.17
 809.90
1106.36
 980.80
1057.65
 951.66
 910.73
 975.01
 844.86
 861.89
1007.11
 816.93
1066.87
 803.80
 946.86
 837.95
 909.70
 793.31
 993.28
 961.20
 786.37
 846.92
 851.72
 920.79
 786.50
 812.79
 821.36
 961.82
 900.09
 715.43
 927.55
 948.20
 872.94
 836.85
 783.77
 865.66
 821.79
1021.32
 933.03
 980.99
 977.92
1001.23
 951.32
 917.13
 804.47
 840.13
 975.72
 901.13
 680.41
1062.03
 910.41
1013.34
 919.06
 897.05
 652.83
1109.88
 830.05
 999.32
 932.63
 639.50
1035.23
1026.61
 895.51
 977.05
 770.63
    nan
 852.64
 818.36
 887.47
 902.46
 772.26
1036.65
 834.80
 878.62
    nan
 969.15
 944.81
 787.86
1046.18
 896.77
 991.15
 933.25
 800.41
 930.24
 860.88
 729.62
 850.72
 866.52
 884.18
 829.49
1049.78
 654.01
 825.83
1094.71
 914.84
 868.92
 874.53
 742.06
1059.65
 905.09
 883.15
1083.03
 977.89
 999.95
 902.04
 822.03
 787.74
 879.04
 972.16
 817.67
    nan
1198.53
 901.66
 712.98
 922.11
 799.38
 840.34
 873.46
 814.80
 743.55
 820.66
 891.58
 797.15
 985.02
 900.07
 890.83
 803.49
 897.31
 961.90
 971.37
 884.22
 955.97
1031.43
 842.01
 834.84
 858.44
 915.55
 879.33
 902.94
 956.42
 702.85
 964.52
 936.76
 917.95
1046.30
 648.37
 907.17
 836.20
 857.02
1063.40
 868.17
 815.38
 900.52
 957.34
 893.03
1059.39
 987.97
 925.37
 904.84
 772.05
1086.85
 961.43
 814.63
 876.53
1010.42
 905.03
1044.46
 974.44
 995.51
 856.54
 901.38
 906.74
 864.09
1089.67
 822.84
 883.30
1117.27
 942.99
 841.01
 794.94
 878.08
 827.40
 777.52
 896.33
 932.32
 996.07
 834.58
 974.12
 938.12
 712.71
 938.84
 965.95
 870.54
 688.34
 832.63
 816.75
 972.45
 860.03
 859.44
 820.30
 821.29
 948.47
 681.38
 992.72
 996.61
 934.22
 853.53
 889.00
1198.66
 958.77
 700.19
 904.60
1092.23
1072.37
 905.45
    nan
 875.72
 992.97
 949.16
 689.97
 818.83
 919.12
 920.19
 776.32
 914.48
 853.19
1087.41
 763.51
 893.31
 931.19
 911.92
 789.51
 892.53
1017.52
 845.68
 873.87
 956.80
 700.78
 710.93
 834.38
 873.32
 784.71
1051.25
 900.21
 976.99
 750.21
 791.32
 918.74
 914.66
 965.15
 647.35
 805.83
 995.38
 797.13
 990.96
 964.89
1000.67
 863.76
 887.64
 911.12
1006.10
 863.36
 832.43
 733.79
 975.34
 723.51
1044.26
 817.07
 871.70
 796.35
 941.31
 994.06
 739.05
 988.95
1005.87
 756.30
 668.87
 979.00
 990.06
1079.88
 806.46
1002.00
 850.74
 712.66
 992.54
 926.19
 903.46
 801.74
 822.88
 984.60
1011.83
 918.01
 846.87
1013.92
 941.00
1099.68
 902.55
 684.35
 957.63
1061.67
 764.52
 795.08
 857.65
 677.77
 978.53
 977.36
 937.50
 869.56
 865.26
 891.72
 937.32
 943.83
 808.10
 840.04
 779.29
1036.68
 861.44
 779.95
 820.89
 980.97
 922.64
 900.36
 885.36
 965.26
    nan
 980.07
1004.94
 756.12
 707.39
1025.66
    nan
 856.88
1008.36
 805.43
 821.60
 962.01
 895.35
 957.78
 772.50
 809.55
 962.23
 860.69
 954.03
 811.30
 723.14
 924.73
 831.48
 758.54
 770.64
 911.92
 821.68
 915.95
 890.21
 877.32
1087.10
 888.13
 920.38
 661.58
 917.66
 794.37
 940.96
 731.87
 845.67
 905.64
1080.67
 921.97
 907.48
 983.99
 799.97
 794.22
 985.27
 919.59
 872.98
1061.15
 901.08
 983.68
 866.70
 767.39
 837.41
1050.00
1014.20
 969.94
 911.94
 866.55
 957.33
 747.49
 904.00
 945.69
 930.69
1037.67
 850.47
 808.27
 955.75
 817.81
 913.36
 892.17
 715.69
 932.79
 894.72
 796.10
 888.85
 802.79
 780.96
 730.46
1133.32
 828.03
1110.34
1232.46
 991.88
 994.36
1027.33
 891.36
 891.11
1032.01
 950.03
 946.73
1045.41
 863.98
 996.79
1020.71
 975.02
 698.47
 831.45
 649.83
 800.00
 915.28
 946.32
 925.04
1006.30
 667.48
 925.16
 732.27
1059.12
 752.49
 908.60
 943.00
 909.45
 886.21
 802.12
 931.67
 834.53
 789.96
 862.04
 824.81
 914.94
 967.18
 880.87
 906.66
 863.28
 914.71
 916.79
 864.58
1101.53
 658.06
 895.19
 931.72
 957.81
 669.10
 833.71
 854.28
 673.18
 996.62
 844.32
 792.76
 885.70
 955.93
 795.38
 942.24
 978.85
 874.17
 813.14
1029.74
 710.06
 925.86
 855.52
 808.24
 762.68
 729.16
 881.76
 666.56
 861.65
1024.63
 889.33
1003.24
 789.36
1072.58
 687.68
1018.58
 900.59
 936.43
 925.93
 806.53
 950.35
 695.84
 956.58
 710.96
 879.17
 924.91
 891.93
 863.78
1060.14
 906.19
 927.83
 933.75
 959.07
 949.24
 696.50
 976.69
 954.18
    nan
1073.18
 928.39
 966.85
 845.76
 983.33
 980.99
 902.60
 746.70
1078.49
 914.86
 737.62
 802.40
 882.53
 924.28
 786.18
 745.89
 739.68
 917.69
 950.18
 591.99
 844.06
1097.94
 726.59
 967.46
 733.18
1032.25
 816.68
1055.75
1072.19
 964.12
1105.96
 818.50
 926.75
 947.47
 871.28
1010.15
 766.28
 855.70
 689.76
 884.35
 860.20
 722.82
 912.46
 782.61
 986.65
 774.91
 881.24
 844.57
 872.59
 881.12
 785.99
 951.73
 915.70
 900.04
 790.49
    nan
 789.24
1086.06
 869.47
 745.02
1029.62
1009.31
 906.76
 768.96
 903.97
 844.98
1037.26
 763.77
 790.76
 831.85
 836.36
 865.87
 963.31
1034.06
 841.91
 778.41
 702.74
 706.98
1047.47
 980.00
 816.87
 946.91
 868.94
 914.01
1122.65
 866.54
    nan
 989.46
 820.82
 887.25
 721.38
1035.67
    nan
 941.68
1110.53
 886.88
1013.37
 872.67
1058.13
 950.92
 678.04
 986.43
 992.93
 793.53
 826.62
 894.46
 860.53
 928.80
 883.44
 895.90
 862.10
 859.28
1051.22
 896.57
 920.40
1033.24
 787.23
 985.77
1072.81
 849.04
 984.11
 851.32
 828.46
 941.78
1022.95
 945.49
 897.50
 905.93
 916.92
1073.57
 929.44
1114.16
1072.32
 743.07
 942.01
1018.15
 848.46
    nan
 863.95
 927.87
 919.12
 854.01
 681.67
 923.62
 870.82
 875.31
 797.23
1028.98
1014.72
 872.91
1076.81
 829.11
 730.81
1039.34
 983.47
 859.40
 905.47
 949.84
 823.56
 864.19
 845.30
 786.78
 911.67
 681.28
 938.91
 926.32
1017.98
 702.05
 902.29
 788.17
1034.95
 791.09
 892.75
 931.74
 830.43
 993.11
 940.79
 991.31
 912.66
 909.21
1116.59
 957.05
 868.39
1050.38
 852.71
 824.70
 732.59
1058.09
 862.47
1046.40
 837.82
 997.76
 888.22
1220.24
1008.28
 883.31
 631.04
 823.51
 928.60
 869.88
 843.65
1054.10
 953.07
 860.97
 929.18
 863.62
 913.53
 915.33
 920.81
 893.88
 840.15
 956.22
 769.22
 892.27
 643.12
 833.04
 802.95
    nan
1081.90
1027.27
 895.38
 811.58
 949.31
 797.25
 935.71
 785.41
 946.10
 847.53
 882.22
 800.21
 999.50
 837.35
 967.75
1010.02
 803.74
 935.07
1003.27
 737.48
1015.33
 989.57
 898.24
 912.77
 847.03
 755.69
 903.95
 954.66
 916.02
 906.93
 942.18
 961.91
1039.42
 916.79
 947.91
1026.07
 885.00
 937.04
 939.61
 787.18
 871.54
 920.19
 908.66
 680.81
 912.30
 996.40
 833.23
 796.38
1017.57
 890.06
 818.39
 797.81
 981.64
 814.79
1036.98
 674.24
 812.48
    nan
 957.75
 964.89
 875.72
 938.87
 881.39
 901.72
 814.09
 928.64
 765.59
 807.74
    nan
 920.50
 735.10
 926.01
1013.25
 860.06
 870.73
 943.27
 778.50
 774.80
 709.70
 624.92
 941.44
 984.98
 963.68
1037.95
1037.02
 872.73
 956.73
 908.08
 684.38
1013.42
 999.60
 865.32
 850.16
 915.81
 835.03
 897.55
 988.92
1075.83
 933.73
 937.94
 998.88
 772.93
1119.88
 874.74
 821.49
 892.80
1106.15
 772.32
 885.13
 849.70
 841.60
 875.31
 875.99
1176.00
 843.55
 865.21
1035.68
 993.32
 905.95
 980.10
    nan
 748.50
 902.67
 818.24
 869.12
 855.80
 913.37
 866.82
 704.47
 954.06
1138.29
 872.41
 828.77
 689.98
 965.90
 792.94
 852.68
 748.61
 939.49
 896.71
1034.53
 797.91
1125.46
 857.81
 871.53
 708.18
1070.72
 980.96
 794.24
 647.53
 940.33
 837.62
 823.81
 845.22
 839.19
 934.51
1093.34
 798.33
 956.04
 844.00
1031.81
1036.32
 944.36
 811.00
 848.05
 969.85
 709.35
 936.12
 885.98
 922.59
1081.72
 972.75
1036.61
1014.82
 951.17
 995.86
 817.15
1071.55
 803.60
 921.49
 850.17
1025.93
 882.26
 868.45
 874.32
 829.40
1001.72
 904.49
 878.40
 780.79
 897.67
 977.97
 901.01
1051.22
    nan
 843.44
 886.90
 957.39
 738.88
 949.17
 874.59
 995.19
 952.81
 894.77
 854.68
 884.99
 866.82
 820.84
 949.25
 916.02
 809.48
 836.40
 948.47
    nan
 859.19
 820.05
 889.23
 979.84
1043.05
 929.08
 898.89
 922.41
1034.97
 886.71
1083.18
 834.79
 944.89
 832.74
 975.39
 793.53
 696.02
 645.15
 846.70
 646.07
 741.51
 913.63
 810.96
 764.31
1061.28
 926.73
 912.21
 808.28
 950.68
 896.25
1014.87
1121.86
 811.25
 856.47
 818.78
 740.33
 996.69
 890.02
 714.10
1025.98
 855.29
 918.44
 799.23
 842.35
 868.40
1019.23
 791.92
 933.98
 981.87
 996.84
 816.97
 764.26
 915.17
 859.29
 971.38
1100.82
1020.12
 977.15
 944.98
 941.44
 842.98
 868.59
 788.95
 961.82
 957.45
 921.48
 942.59
 968.94
 873.48
1015.77
 888.55
 861.55
1038.41
 960.78
 991.54
1006.01
 998.55
 900.26
 847.48
 934.71
 893.36
 826.13
1161.17
 845.68
1125.16
 832.38
 897.90
 798.37
    nan
1052.84
 798.33
 823.61
 981.55
 884.61
1061.03
 893.98
 916.01
 862.55
1029.58
1000.41
 779.01
 817.01
 845.81
1047.24
 757.92
 945.89
1021.60
 861.00
 768.41
    nan
 822.11
1040.36
 836.84
 763.53
 799.65
 890.24
 971.92
1024.72
 737.09
 733.80
 966.12
 779.52
 891.89
 804.58
 914.50
1049.72
 982.14
 945.40
 853.77
 898.49
 806.65
 739.28
1097.86
 929.20
 925.70
 889.93
 770.55
 894.56
 994.99
1013.36
 941.35
 985.04
 932.98
1056.58
 810.69
 740.36
 909.49
1032.66
 811.18
 740.04
 798.41
 886.82
1024.23
 793.87
 743.16
 935.47
    nan
 862.21
 916.70
 992.59
 875.39
 947.11
 857.91
 925.61
 916.56
 987.48
 785.17
 905.77
 919.35
 952.41
 861.89
 869.64
 735.73
 870.28
 933.13
 789.25
 869.80
 981.17
1097.95
 868.12
1015.27
 942.69
1032.55
 946.89
1059.42
 984.15
1103.09
 757.86
 943.56
 687.64
1006.57
1065.90
 708.74
1077.73
 905.96
 867.76
 736.20
 868.48
 800.54
 772.05
 815.98
 838.45
 844.33
 777.45
 817.57
 962.00
 903.00
1041.50
 649.24
 866.85
 802.48
 785.04
 981.32
 780.23
 982.87
 890.34
 856.74
 831.91
 822.57
 830.09
 857.80
 915.60
 988.40
 800.22
1027.20
 908.51
 899.88
 921.65
 803.75
 765.08
 978.81
 695.19
1114.17
1018.58
 795.64
 740.66
1047.45
 934.54
 834.75
 837.61
 984.28
 922.96
 948.59
 992.73
 798.48
 888.68
 735.50
 786.23
 817.50
 932.81
 759.31
 964.85
1136.21
 955.08
 767.18
 941.08
 925.19
 982.31
 787.33
 673.14
 918.10
 855.30
 986.86
 864.44
 828.31
 839.08
1070.29
 777.91
 736.30
 874.47
 898.13
 834.62
 894.14
 846.58
 983.31
1032.81
 863.96
 840.59
 877.07
1106.73
 916.18
 758.96
 864.58
 701.57
 875.16
 840.30
 925.31
 822.15
 782.94
 912.45
 919.21
 827.77
 859.74
 992.84
 996.83
 960.28
 818.67
 904.20
 998.08
 910.40
 661.60
 913.36
 877.17
 856.72
 771.17
 765.63
 930.69
 695.20
 938.50
1019.51
 896.02
 821.38
 985.23
 517.01
1116.34
 772.05
 932.36
 680.41
 967.06
 905.49
 946.54
 853.50
 846.19
 941.62
 922.33
1107.08
 924.13
 754.91
 849.35
 673.81
 968.33
 877.01
 865.91
 796.49
 825.76
 921.20
1030.79
1010.46
 826.90
 828.77
 945.36
 971.32
1024.59
 830.51
 860.72
 780.03
    nan
 988.22
1016.05
1020.64
 807.56
 831.81
 987.26
 966.58
 805.65
 773.31
 859.56
 903.10
 968.52
 850.76
 948.56
 915.45
1205.90
 881.85
 991.26
 912.24
 882.63
 946.11
 880.53
 920.81
 841.66
 881.83
1080.31
1005.38
 732.70
 797.74
 957.02
 903.44
 901.81
 916.50
1007.33
 926.99
1007.57
 983.45
 939.93
 939.96
 938.44
 786.27
 879.34
 873.72
 772.05
    nan
 915.10
 855.65
 959.23
 817.52
 851.58
 965.89
 953.43
 809.41
 939.76
1078.35
1030.55
 825.38
1035.89
 860.94
1107.71
 974.10
 829.57
 878.25
 876.21
 960.57
 825.88
1026.11
 854.96
 924.12
 955.56
 826.74
 835.27
 757.48
1053.55
1067.19
 879.55
    nan
1080.89
 907.38
 749.24
 920.37
 977.36
1014.11
 915.96
 744.70
1078.94
1154.91
 834.81
 781.18
 741.87
 980.28
1021.96
1103.32
1003.75
 963.96
 836.54
 818.92
 971.82
 753.27
 809.80
 916.35
 961.65
 870.76
 917.58
 872.19
 842.49
 929.90
 818.90
1086.95
 962.79
1065.89
 848.46
 786.82
 970.61
 753.75
 889.15
 800.32
 938.71
    nan
 964.13
1017.55
1009.74
 747.36
 983.18
 937.53
 911.08
 827.85
 831.02
 857.79
 937.78
1024.90
 667.75
 892.86
 860.95
 811.18
 836.37
 880.55
 978.16
 949.54
 860.43
 764.01
1150.43
1188.63
 845.34
 826.30
 828.98
 810.15
 750.84
 823.37
 874.70
 801.08
 860.83
 899.55
1034.34
 951.78
 950.96
 833.13
 964.77
1062.06
 808.72
 890.49
 946.91
 797.08
 971.75
 886.95
 912.61
 947.62
 873.92
 895.02
 833.91
 914.25
 963.01
 951.80
1001.01
 791.81
 856.22
 817.38
 941.85
 775.27
 939.58
 761.06
 940.81
 993.75
 903.48
 937.66
 914.88
 912.89
 700.79
 881.99
 974.56
 875.69
 952.42
1019.41
 817.14
 906.33
 884.41
 866.91
 762.19
 805.75
 913.99
 953.27
 908.76
 997.09
 739.25
 939.21
 879.71
1093.19
 859.51
 873.47
 875.41
 844.12
 696.51
 838.64
 633.05
 843.86
1024.61
 875.20
 803.34
 932.84
 931.33
 995.43
 868.24
 856.26
 959.02
 857.69
 819.59
 786.39
    nan
1028.62
1004.08
 937.96
 841.51
 963.39
1060.67
1040.25
1048.30
 947.69
 885.58
1097.89
 732.65
1009.60
 991.60
 779.08
1037.78
 953.52
 903.89
1110.32
 964.05
 943.91
 850.81
 966.52
 917.99
 939.33
 766.65
 957.20
 994.93
 852.63
 818.61
 938.78
 891.13
 773.73
 933.68
 962.14
 891.04
 647.03
 936.82
 944.45
 958.77
 875.60
 893.41
 834.82
 903.64
 804.70
 962.91
 814.34
 805.03
 928.16
 827.46
 906.72
1053.91
 854.91
 862.60
1005.51
 940.76
 865.30
 911.20
 979.60
 882.71
1018.06
1048.67
 913.00
 782.90
 793.43
 944.41
 815.68
1066.94
 875.59
 812.81
 823.22
1055.48
 791.97
1000.11
 953.18
 821.37
 839.52
 837.15
 987.52
1068.78
 888.67
 819.43
 884.27
 940.28
1059.50
 974.93
 876.81
 829.88
 777.52
 730.24
 856.17
 954.50
 972.20
 894.48
 919.30
    nan
 876.83
 980.65
 946.00
 897.47
    nan
 905.49
1052.02
 763.12
 930.32
 945.64
 844.44
1071.68
 836.02
 716.03
 912.70
 722.83
 912.76
 968.11
 856.72
 945.77
 943.82
1034.25
 911.35
 981.66
 800.16
 745.20
 973.17
 934.82
 919.30
 905.82
1022.56
 880.35
 786.94
 744.05
 821.32
 790.34
 847.73
 978.69
 786.34
 879.62
1026.51
 845.28
 958.10
 952.37
 908.12
 873.12
 912.62
1060.07
 916.00
 987.05
 812.46
 858.85
 913.53
 747.14
 783.79
1000.63
 892.26
 783.71
 650.03
 817.83
 728.35
 885.36
 859.72
 935.62
 832.33
 981.36
 854.74
 827.17
 843.10
 911.27
1003.29
1059.95
 818.39
 840.31
 845.53
 744.32
 955.20
 958.59
1087.73
 872.94
 960.58
 859.84
 754.34
 746.33
 909.02
 867.42
 808.02
 888.89
 934.49
 842.20
 944.75
 702.23
1056.79
 959.98
 834.77
 842.16
 907.92
 824.50
 719.82
 887.24
 925.63
 928.79
 999.06
 950.49
 903.15
 970.80
 959.23
 937.88
 878.42
 976.26
 730.60
 835.80
 698.07
 882.93
 913.93
 842.65
 904.39
 889.46
 808.03
 806.41
1093.08
 954.53
 719.03
 852.13
 902.18
 983.83
 667.34
 959.88
1022.00
 823.54
 891.25
 910.74
1008.97
 883.53
 925.63
 807.21
 904.06
 787.00
1050.70
 844.04
 816.28
 717.83
 992.86
1009.09
 863.32
1006.68
 974.68
 825.54
1072.74
 916.41
 903.79
1060.05
 791.48
 912.46
 868.08
 919.95
 856.42
1026.74
 721.40
 877.83
 952.95
 761.64
 908.27
 893.99
 795.92
 796.51
1001.78
 829.83
 865.40
 954.05
1014.39
 965.53
 953.66
 917.23
 840.53
 891.11
1074.78
 886.65
 808.85
 788.27
1031.05
1095.62
 835.65
 930.98
 731.41
1036.21
 920.84
 854.48
 826.31
1019.12
 850.86
 874.91
 847.87
1072.71
 932.24
 926.27
 746.52
 877.78
1008.10
1033.23
 955.49
 836.88
 837.12
 909.23
 940.56
 971.15
 962.20
 846.15
 837.67
 739.56
 878.57
1023.44
 780.58
 967.78
 910.12
 815.18
 948.34
 929.60
 914.07
 790.99
 879.22
 922.04
 784.14
 834.76
 938.07
 745.28
 763.01
1054.70
 919.83
 934.82
 971.04
 855.09
 863.23
 737.06
1087.65
 757.39
 798.45
1026.54
 837.14
    nan
 845.88
 976.39
 949.93
1208.66
 937.98
 875.71
1066.59
 910.23
 928.36
 745.66
1032.87
 768.83
 798.69
 795.92
1056.94
 800.88
 806.46
 907.79
 802.97
 768.75
 843.52
 931.62
 977.05
 777.36
 923.53
 971.80
1026.23
 907.45
 986.64
 889.25
 899.92
 800.08
 857.39
 807.97
1118.98
 875.50
 837.19
 964.64
 989.86
 834.50
 747.76
 932.96
 929.43
 907.02
 954.52
 993.83
1014.17
 954.36
1053.28
 890.87
 842.11
 955.28
 973.81
 898.62
 606.55
 784.81
 884.17
 866.98
 909.44
 871.44
 911.36
 855.73
 954.60
 608.64
1064.96
    nan
 924.95
 814.11
1061.98
 772.85
 979.41
 792.55
 823.14
 862.97
 844.27
 898.03
 978.37
 852.35
 840.89
 896.72
 773.10
 776.77
 874.54
 862.02
 730.40
 829.53
 851.76
 749.06
    nan
1066.57
 908.33
 789.95
1074.86
1060.79
 959.87
1064.28
 862.21
 936.30
 820.57
 862.73
 782.92
 997.29
1140.66
 883.49
 838.12
 917.44
    nan
 852.54
 971.69
 931.35
 809.81
 823.38
 993.20
 898.35
 758.47
 847.56
 787.23
 911.96
 855.89
 840.12
 778.65
 838.61
 893.06
 972.83
1062.27
 771.73
 997.36
 831.21
 876.34
 933.44
 964.66
 978.03
 867.26
 947.86
 852.01
 963.88
 592.16
 918.20
1054.91
 887.20
    nan
1162.62
1064.07
 814.13
 877.42
1105.85
 655.43
 798.91
 900.76
 698.00
 954.56
 959.16
 885.20
1137.17
 891.72
 871.97
 779.11
 811.50
 805.78
 832.19
 664.57
 855.45
 680.47
1022.48
 814.48
 957.21
 942.06
 797.09
 817.05
 858.47
 982.88
 751.96
 849.77
 860.41
 988.88
 840.43
 937.03
 894.72
 787.48
 925.27
 870.34
 870.41
 889.07
 771.85
 909.99
 901.64
 890.41
 913.76
 883.33
 883.28
 924.15
 887.38
1099.00
1012.14
 838.74
1126.33
 868.69
 918.33
1017.32
 756.27
 873.68
    nan
 971.64
 639.09
1021.68
 930.51
 954.81
 939.25
 956.18
 961.11
 893.91
 981.72
 773.25
 755.34
 908.22
 895.88
 876.89
 862.78
1029.49
 736.73
1053.75
 857.91
 838.16
 935.98
 969.21
 834.89
 837.31
 889.04
 961.80
 982.18
1038.06
 969.28
 806.86
1031.38
 764.76
 946.85
 914.71
 891.91
 987.31
1004.02
 947.20
 598.06
 813.77
 925.27
 968.97
 787.92
 725.47
 902.51
 934.46
 947.55
 914.33
 750.69
 967.20
 774.47
 923.56
 919.04
 889.15
 813.13
 927.01
 906.15
 965.28
1060.37
 840.56
 966.49
 994.26
    nan
 850.71
 796.34
 905.52
 784.30
 896.21
 925.24
1014.62
1032.36
 967.52
 971.02
 926.22
 975.32
 933.65
 762.65
 922.06
1046.15
 781.82
 968.50
 966.33
 937.12
 951.25
 747.34
 858.78
 944.97
 910.55
 900.32
1010.68
 957.04
 864.06
 941.95
 845.43
 931.38
 947.76
1016.92
1005.08
 767.57
 720.31
 968.08
 855.29
 852.39
 801.12
1110.26
 929.61
 973.04
 895.60
 991.54
 825.14
 919.80
 859.36
 809.62
 916.39
1115.83
 866.58
 955.57
 798.98
 886.11
 983.52
 932.64
 933.09
 966.19
 948.62
 807.28
 903.57
 760.97
 866.39
1044.26
 799.56
 727.02
 991.01
 763.93
 869.75
 928.22
    nan
 811.60
 859.50
 834.51
 923.24
 945.86
 981.81
1008.20
 955.74
 818.94
 920.58
 887.79
    nan
 821.85
 967.30
 914.78
 954.24
1223.31
 995.75
 848.07
1043.60
 947.84
 901.89
 707.24
 895.81
 804.60
 973.49
 965.21
 855.58
 897.21
 916.90
 877.18
 918.73
 973.45
 937.54
 964.21
 956.03
 909.16
 785.99
 815.24
 905.39
 936.89
 729.57
 901.92
 881.21
 782.78
 930.30
 801.76
 828.49
 880.69
 992.68
 852.20
 904.73
 954.69
 885.21
 680.87
 769.23
 857.49
 835.07
 875.21
 759.51
 894.70
 945.91
 944.88
 817.04
 811.89
 784.20
 960.20
 878.23
 749.68
 959.87
1077.76
1074.60
 940.95
 875.73
 949.07
 969.46
 742.88
 887.98
 823.99
 993.77
 887.85
 898.53
 742.55
 893.30
 912.24
 766.68
 931.60
 938.09
 849.68
 994.18
 946.49
 912.73
1017.37
 705.08
    nan
1058.30
 840.50
 898.37
1052.26
 826.68
 952.58
 733.56
 949.38
 825.70
 979.67
 912.99
 840.88
 868.50
 942.17
 991.21
 883.77
 929.23
 713.81
 971.30
 879.01
 986.57
 912.60
 794.54
 892.89
 788.95
1055.34
 867.58
 980.94
 903.57
 988.40
 839.20
1053.43
 674.81
 892.65
 887.48
 957.29
 852.36
 906.76
 883.50
1029.41
 869.27
 833.27
 876.01
 832.95
1035.61
1024.10
1018.39
 916.38
 825.06
1026.57
 842.50
 773.56
 938.12
 824.99
 989.73
 902.14
 888.93
 775.29
 788.15
 880.86
 987.52
 977.77
 960.78
 940.83
1087.18
 993.98
 934.55
 875.06
 887.61
1029.95
 829.12
 857.29
 841.24
 823.93
 957.12
 827.99
 931.57
 967.12
 888.39
 995.08
1002.78
 943.97
 995.28
 935.47
 954.42
 852.46
 842.43
1119.15
 843.48
 824.79
 826.74
 990.14
 921.88
 969.04
 972.32
1046.98
 876.71
 724.24
 792.69
 869.77
 930.55
 825.67
 876.35
    nan
 737.23
 745.67
    nan
 666.77
 892.08
 690.69
 851.45
 895.09
 932.40
 967.62
 799.13
 969.32
 946.81
 961.99
 815.95
 873.26
 724.66
 804.44
 993.63
 885.55
 859.15
 965.35
 908.09
 676.34
 852.61
 963.00
 935.19
 922.94
 672.96
 909.30
 897.75
 771.96
 770.95
 790.67
 944.52
 798.69
 886.73
 745.78
 812.87
 958.86
1015.15
 872.51
 763.87
 899.64
 992.35
 943.04
 911.04
 881.75
 928.04
 899.12
 850.22
 912.99
1098.51
1031.27
1098.26
 962.11
1032.79
 811.45
 894.33
 854.83
 955.02
 762.27
1063.66
 902.32
 798.36
 875.94
 921.45
 937.71
 930.08
 760.11
1019.98
 791.73
 921.01
 879.04
1020.51
 955.80
1074.43
 638.67
1026.21
1070.41
 958.23
 983.65
 927.23
 699.12
 895.42
 859.52
 998.19
 729.49
 781.11
 938.74
1034.71
 793.05
 973.16
 900.47
 730.45
    nan
 855.43
 964.91
1133.01
 969.46
 845.55
1023.87
 902.25
 769.06
 877.55
 912.05
 965.61
 753.32
 976.98
 886.89
 798.01
 934.33
 838.22
 884.76
 846.10
1007.31
 984.01
 826.03
 706.18
 723.48
 736.61
 854.37
 826.17
 914.21
 960.53
 862.38
1054.77
 810.38
 927.28
 914.67
 895.32
 816.41
 937.96
 923.28
 807.39
1097.10
 907.87
 856.52
1228.17
 958.72
1082.57
 935.62
 957.28
 847.55
 979.10
 980.18
 810.46
 935.25
 809.96
 976.68
 927.95
1023.11
 720.56
1092.36
 925.04
 874.61
 953.66
 812.05
 832.70
 989.19
1026.17
1027.29
 905.94
 884.58
 826.35
1100.38
 847.41
 773.54
 905.03
 931.44
 828.17
1103.25
1014.67
 787.85
 864.41
 859.32
 695.38
 906.23
 856.27
 929.39
 869.07
 935.43
 992.86
 722.46
 728.67
    nan
 956.76
1083.02
 909.21
 874.58
 959.18
 877.39
 899.87
1053.98
 985.76
 941.51
 771.85
 832.24
 858.55
 941.74
 732.27
 957.24
1025.43
 847.54
 814.76
 813.95
 758.54
 931.65
 806.32
 875.49
 791.48
 820.25
 994.56
 792.28
 890.08
 739.75
 892.04
 922.98
1020.35
 851.39
 917.17
 651.41
 768.51
 825.58
 936.28
 732.09
 982.85
 884.37
 960.50
 956.45
 888.48
 931.37
1031.83
 853.85
 895.38
 893.24
1006.15
 866.24
 757.20
 871.96
 936.69
 922.56
 857.55
 953.39
 865.12
 786.42
1009.70
 939.08
 908.66
    nan
 880.47
 901.05
 836.54
1074.81
 769.61
 901.54
 933.20
 860.35
 795.33
 882.96
1001.71
 832.47
 845.96
 906.38
 826.44
 879.51
 850.04
 910.45
 815.33
 850.28
 872.28
 902.90
 854.24
 985.83
 976.36
 986.97
 889.91
 904.22
1110.19
 992.53
1155.15
 896.10
 882.45
 920.21
 889.60
 855.79
 648.85
 947.25
 918.45
 944.46
 896.47
 797.58
 850.18
1044.69
 910.52
 896.92
 939.65
 945.80
1029.09
 989.33
 978.34
 759.21
 926.18
 715.74
 810.80
 729.90
1017.59
 818.70
 708.38
 831.01
    nan
 946.07
 881.31
1006.78
 971.63
 934.61
 785.38
1030.36
 833.38
1037.31
 951.22
 983.77
1068.49
 755.40
 800.35
 829.38
 890.64
 687.56
 632.53
 980.69
1005.93
 933.06
 895.15
 769.11
 862.76
 992.86
 913.63
 950.24
 785.60
 950.83
 819.16
 979.60
 885.87
1115.54
 916.23
 857.36
 923.89
 906.55
1006.03
 823.50
 915.61
 984.45
 992.46
 862.76
 897.85
1078.30
 848.75
 967.17
 960.32
 965.93
1006.88
 852.37
 961.95
1061.32
1010.84
 814.69
 888.31
 861.14
 822.21
1005.03
 984.63
 859.64
1161.45
1005.75
 844.29
 951.56
 806.56
 977.47
1021.07
1021.85
 820.72
 873.08
 852.41
1023.89
 844.94
 914.56
 892.93
 808.54
 830.61
 813.53
 928.31
 981.08
 892.08
 950.43
 862.73
 806.61
 938.06
 785.11
 847.18
 821.56
 985.61
1043.35
 899.28
1043.97
 887.98
 852.97
 971.71
 943.72
 864.92
 904.47
 862.69
1025.68
 902.49
 888.86
 883.49
 931.55
 760.90
 836.16
 981.71
 586.33
 923.38
 898.67
 835.51
 950.07
 918.97
 809.99
 814.09
1045.98
 830.58
 940.45
 731.21
 799.04
 910.99
 944.90
 916.98
 940.17
 889.31
 956.90
 818.16
 882.30
 965.10
 986.61
 915.60
 928.78
 879.87
 871.17
 912.59
 816.82
1024.73
 853.97
1031.75
 830.47
 970.33
 942.44
 927.55
 788.02
 702.26
 775.76
 925.81
 897.96
 902.95
 789.36
 917.99
 715.20
 973.35
1049.35
 917.22
 864.03
1066.11
1004.63
 962.21
 974.28
 901.25
 898.57
 801.17
 784.89
 702.60
 986.30
1022.67
1075.82
 903.42
 869.55
1044.49
 676.62
 784.79
 966.92
 901.93
1017.87
 980.42
 938.51
 961.14
 817.85
1025.23
 863.37
 864.13
 794.31
 946.65
 831.72
 959.56
 762.57
1055.57
 944.30
1109.24
 856.37
1034.12
 869.95
 898.18
 833.62
1230.02
 957.40
 965.16
1012.90
    nan
 905.48
 725.71
 774.00
 802.49
 991.88
 915.32
 965.54
1024.72
1101.62
 738.20
 917.04
1010.34
1058.85
 829.21
 782.25
 962.15
 708.08
1139.48
 928.00
 935.31
 926.17
 784.93
 887.23
 739.94
 957.97
 846.48
 838.39
 786.78
 724.52
 711.32
 868.15
 748.10
 895.89
 972.34
1034.15
 927.96
 816.64
 891.28
 884.89
 796.87
 735.87
 952.91
 943.37
1037.43
1011.36
 796.95
 925.89
 848.91
1021.98
 941.91
 795.32
 829.88
 820.74
1034.40
 988.96
 837.61
1033.49
1044.62
 927.31
 816.29
 927.87
1059.13
 805.27
 989.58
 815.57
 882.82
 833.38
 997.96
 972.08
 957.51
 893.24
 937.92
 911.98
 773.51
1007.16
 986.28
 860.51
1045.64
1055.51
 890.16
 888.67
1093.46
 813.79
 995.02
1059.66
 941.65
 958.18
 786.46
 896.22
 922.85
 715.89
 897.32
 941.11
 982.38
    nan
 897.58
1035.36
 946.93
1072.69
1060.19
 814.81
1006.01
 841.85
    nan
 892.24
 851.15
1117.66
 841.89
 874.04
 854.38
1044.85
 896.58
 868.86
 910.14
 865.77
 864.80
 588.75
 934.75
 771.03
 827.58
 889.45
 734.44
 843.17
 761.06
1066.94
 589.72
 842.42
 852.90
 829.60
 850.55
 971.54
 897.63
 925.49
 915.07
 847.57
 814.33
 962.19
 892.44
 901.31
 988.04
 782.91
 915.37
 914.24
1004.16
 916.69
 910.49
 927.70
 827.93
 863.42
 914.96
 757.13
 913.39
 852.53
 898.16
 937.42
 736.61
 871.86
 714.99
 771.13
 757.30
 944.95
1032.71
 886.38
 828.83
1096.02
 869.82
 849.96
 854.98
 898.20
 757.02
 858.08
1095.83
1108.56
 958.12
 947.29
    nan
 882.01
 921.64
 953.04
1014.40
 874.71
 791.10
 907.85
 866.77
 799.74
 958.69
 743.72
1090.01
 980.08
 870.82
1047.78
 932.96
1036.91
 920.79
 611.72
1043.20
 879.14
 811.54
 898.03
    nan
 673.42
 912.40
 864.29
 891.67
 992.62
 941.71
 900.71
 881.62
 920.73
 725.13
 948.19
 785.32
1002.09
1146.84
1013.46
 897.00
 879.34
 933.27
 768.78
1096.43
 769.83
 909.35
1112.39
 804.22
 892.27
 812.78
 823.82
1069.30
 800.30
 835.42
 793.86
 998.85
 807.98
 799.73
 963.67
 926.70
 992.15
 835.31
 735.55
 939.51
 811.30
1000.33
 821.57
 933.17
 735.00
 893.19
 882.30
1001.18
 770.10
 788.89
 785.13
 935.60
 909.59
 855.83
 912.39
 777.86
1027.03
1027.39
 936.72
 911.41
 966.65
 990.07
 930.72
1028.17
 875.11
    nan
 855.31
 801.89
1164.96
 781.65
 908.37
 812.13
 983.13
 941.34
 775.13
1034.94
 891.42
 892.53
 797.98
 891.65
 994.81
    nan
 845.57
 818.42
 932.63
1029.98
 987.74
 938.78
1028.39
 839.32
 874.52
 672.02
 971.53
 756.02
 929.42
 736.87
 967.18
 707.13
 906.99
 981.74
 890.04
 713.95
 854.55
1037.95
1026.30
 797.48
 859.22
 921.82
 847.13
 944.69
1017.89
 870.45
 767.79
1008.63
1034.78
1002.05
 983.38
 837.38
 972.82
 851.09
    nan
 970.49
 977.69
1111.33
 965.83
 878.24
 802.93
 867.02
 938.73
 928.92
1016.88
 980.76
 882.98
 949.10
 948.46
1011.17
 816.30
 790.99
 895.66
 859.25
1000.24
 918.07
 939.06
 899.63
 793.86
 982.48
 886.11
 901.57
 923.45
1050.60
 740.67
1015.30
 931.00
 868.25
 882.78
 776.23
 935.58
 871.72
 837.30
 805.95
 869.93
 867.67
1064.29
 923.29
 610.02
 774.80
 908.88
 996.09
 888.93
 817.41
 826.09
 866.87
 784.62
 909.19
 914.69
 936.94
1142.34
 923.51
 766.34
 806.21
 823.01
1022.95
 802.28
    nan
 821.15
 809.88
 962.89
1022.91
 767.02
1014.50
1060.10
 873.55
 809.55
1026.35
1055.90
 976.42
 869.45
1013.64
1081.69
 899.72
 818.81
 951.22
 906.22
 783.36
 835.40
 777.37
 926.90
 930.94
 785.56
 790.38
 846.20
 797.39
 753.89
 900.27
 962.70
 758.13
 813.24
 993.27
 843.09
 871.23
1082.41
 869.46
 894.96
 998.97
 959.96
 893.14
1015.19
 973.37
 963.57
1063.09
 922.01
 972.31
 817.82
 994.12
 904.41
 957.43
 774.04
 849.11
1016.74
 792.34
1137.05
 870.97
 866.08
 793.67
1097.97
 947.72
 803.39
 744.94
 973.88
 853.49
 844.41
 966.22
1002.93
 976.92
 972.94
 872.32
 953.82
 816.85
 681.90
 802.41
 897.83
 728.91
 820.79
1164.58
 881.45
1017.83
 855.53
1024.72
 886.46
 720.75
 596.85
 945.38
 858.05
 830.00
 851.77
 910.60
 891.20
 981.07
 951.76
1002.20
 883.69
 993.77
 864.11
 840.86
 846.09
 882.97
 742.17
 850.46
 995.92
1079.54
 730.18
 947.57
 913.95
 829.55
 982.69
 789.24
 889.32
1017.31
 940.72
 949.39
1043.89
 857.99
 684.55
1073.52
 755.23
 943.04
 996.12
 772.75
 945.41
 841.96
 812.27
 809.71
 892.59
 940.01
 951.19
 959.17
 965.13
1088.18
 924.88
1047.00
 864.89
 922.90
 957.87
 863.22
1036.37
 745.69
 882.99
 809.82
 624.45
1042.81
 870.32
 843.83
 972.56
 939.60
1020.90
 895.08
 855.27
 981.32
 999.95
 990.73
 894.83
 824.69
1010.74
1153.81
1013.14
 844.60
 887.02
 912.25
 795.35
 857.41
 841.60
 796.62
 828.03
 887.27
 968.94
 934.37
 932.21
 936.80
 972.00
 988.88
 935.72
 728.66
 850.51
 856.22
 900.32
 854.59
 713.41
 891.66
 969.81
 864.55
 883.89
1017.96
 848.64
1051.87
 733.89
 930.41
 839.48
 836.62
    nan
 935.17
 864.96
 831.69
 952.63
 857.20
 856.83
1078.98
 855.35
 946.18
 875.27
 758.65
 907.59
 875.57
1118.61
1037.88
    nan
 926.40
 894.86
 907.85
 903.28
 809.10
 896.80
 976.02
 877.66
 989.47
 780.86
 852.80
 971.23
 940.36
 968.49
 780.39
 818.71
 744.05
 908.23
1023.85
 847.90
 897.46
1089.85
 939.49
 868.00
 871.29
 849.59
 857.13
 786.71
 951.82
 740.03
1019.03
1006.62
 922.86
 684.53
 944.27
 950.91
 884.88
 845.06
 909.46
1031.34
 910.38
 789.62
 958.56
 884.60
 954.35
 767.95
 906.55
1100.06
 854.19
 849.77
 860.11
 943.96
 996.93
1054.79
 895.85
 969.55
 815.70
 731.56
1021.70
 854.35
 821.40
 784.97
 928.94
 903.65
 870.87
 886.26
 804.48
 904.73
 865.88
 879.32
 828.02
 805.49
 885.33
 750.92
 923.01
 890.53
1108.26
 930.55
 997.56
 971.10
 790.06
 735.44
 850.46
1051.33
 975.51
 871.76
1057.04
1003.07
 789.92
 872.82
 814.97
 979.53
 938.14
 976.50
 726.08
 950.30
 920.93
1040.47
1057.39
1108.70
1000.84
1138.63
1049.22
 763.91
 799.90
 815.49
 952.34
1001.86
 986.75
 901.69
1052.90
 759.23
 876.30
 919.99
 835.76
 781.91
1064.80
 890.63
 743.82
 931.65
 731.28
 944.74
1011.74
 897.37
 821.93
 734.97
 891.45
1013.39
1129.49
 939.61
1029.94
 903.62
 873.08
 770.72
 753.33
 850.10
 885.04
 885.41
 969.24
 938.58
 933.15
 921.80
 965.86
 813.38
 833.67
 885.65
1055.85
 878.80
 832.28
 941.57
 715.37
 940.81
 795.15
 937.88
 787.15
1088.50
 847.34
 760.96
 880.04
 746.83
 840.91
 886.20
 788.54
 928.39
 926.75
 784.64
 882.17
 890.82
 921.74
 922.51
 854.21
 962.57
 899.35
 925.32
 735.68
 767.16
 973.05
 919.01
 865.47
 842.64
 969.93
 746.07
 873.61
 953.09
 885.95
1074.62
 936.26
 807.80
 790.22
 968.88
 839.90
 803.54
 871.09
 932.32
 985.01
 937.31
 821.20
 890.81
 790.71
 708.01
 860.33
 982.93
 902.87
 837.32
 856.63
1126.84
 744.98
 982.32
1023.12
 843.72
 942.92
 827.66
 921.25
 894.74
    nan
 726.30
1054.07
 925.83
 939.01
 763.29
 809.10
 803.24
 987.93
 998.93
 751.56
 979.73
 948.33
 878.57
 907.42
 836.43
 866.44
1069.58
 845.35
    nan
 725.35
 738.88
 913.40
 881.02
 879.74
 933.64
1062.12
 798.64
1055.52
 964.76
 901.55
 669.14
 829.06
 768.82
 789.38
 779.76
 951.38
1042.27
 886.00
 902.72
 968.43
1029.66
 800.84
 796.87
 918.20
 663.55
 933.51
 695.55
 864.71
 935.27
1087.26
 832.03
 827.08
 901.34
1001.09
 874.95
 978.23
 928.51
 775.90
 969.85
 967.68
1073.66
 841.61
 961.73
 833.43
 803.46
 943.28
 727.24
 854.36
 949.88
 783.82
1003.67
 911.35
 870.31
 824.11
 766.97
1066.71
1036.06
 752.63
 878.97
 929.20
 964.45
 879.80
1010.05
 807.63
 805.28
 848.05
1011.28
 947.23
 859.46
 688.14
 843.49
 926.27
 971.65
 960.01
 869.48
 862.94
 887.77
 961.28
 922.41
 880.97
 878.48
1060.41
 749.52
 959.38
1032.98
 844.58
 899.13
1064.34
 944.20
 865.11
 911.38
 911.30
 747.37
 750.63
 773.18
 869.83
 960.36
1040.15
 763.42
 875.73
 789.97
 771.82
1047.77
1049.53
1082.91
 833.89
 795.98
 877.62
 888.58
 917.02
1016.51
 958.17
 970.53
 805.67
 963.77
 935.83
 882.94
 963.78
 943.07
 990.76
    nan
 900.98
 857.81
 914.47
1122.73
 828.57
1076.02
 812.29
 808.01
 842.96
 833.27
1003.73
1012.80
 831.75
 901.92
 879.28
 998.46
 978.43
 980.30
 924.13
 770.05
 940.73
 909.91
 876.54
 944.08
 884.25
 920.70
 953.00
 990.28
1066.16
 838.15
 913.46
 798.56
1021.89
 849.07
 956.77
 842.93
 941.87
 944.70
 927.76
 993.72
 987.76
 856.10
 838.90
 870.95
 996.57
 848.10
 801.97
 951.43
 867.25
 889.90
 976.50
 870.43
 804.22
 804.31
 896.10
 932.96
 925.23
 843.75
1042.77
 845.04
 803.87
1141.66
 697.25
 833.33
 733.84
 685.03
 995.10
 868.41
1086.95
 755.87
 928.24
 950.26
 967.60
 863.74
1048.30
1033.38
1010.81
 973.94
 833.71
 763.73
 845.91
 895.31
1020.22
 875.83
 776.35
 787.61
 849.78
 966.03
 988.02
 972.04
 948.82
1012.01
1006.99
 781.78
 982.85
 932.04
 991.37
 895.44
 834.32
 941.88
 819.29
 802.52
 984.61
 878.34
 846.21
 990.77
 808.31
 838.20
 838.35
 957.66
1045.99
 836.03
 899.40
 962.24
 976.40
 998.34
 872.15
 771.46
 894.16
1010.94
 872.97
 686.53
 893.75
1014.02
 906.01
1016.17
1037.07
 755.73
 695.09
 838.69
    nan
 754.76
 884.56
 747.42
1116.85
 902.53
 849.67
 688.45
 893.16
 829.26
 847.66
 862.01
    nan
 672.19
 753.41
1095.05
 972.38
1107.62
 805.31
 897.87
 912.10
1035.22
 912.68
 883.64
1071.22
 767.91
 978.62
 938.99
 756.87
 999.05
1019.78
 942.65
 845.69
 965.40
 869.06
 931.55
1016.91
 787.37
 912.00
 849.71
 911.21
 856.71
1043.86
1005.03
 922.28
 845.78
1049.10
1074.66
 955.88
 860.25
 951.53
 907.91
 814.94
 991.14
1011.24
 922.31
 818.80
 749.45
 677.32
 990.98
 843.80
 861.19
 786.79
 792.51
 768.66
 905.52
 737.81
 924.00
1024.12
 791.30
 970.41
 950.57
 948.85
 920.63
 838.44
 964.07
 758.84
 749.71
 981.67
 875.54
1067.33
 891.56
 908.51
 777.81
 834.86
 945.79
1045.32
 990.94
 809.77
 836.89
 911.74
 675.96
 774.11
 979.73
 879.18
 767.02
 850.46
1029.78
 939.75
 947.92
 796.73
1038.43
 943.98
 912.17
1010.04
 957.57
 913.75
 997.91
 929.24
 757.81
 862.11
 801.50
 890.47
 860.75
1147.95
 689.41
 995.31
1030.88
 991.55
 981.10
 850.35
 911.22
 776.17
 875.34
 795.59
 874.87
 984.06
 936.55
 956.83
1066.11
 817.08
 858.00
 870.11
 924.36
 997.94
 875.70
1039.63
1025.22
    nan
 829.43
 945.26
1020.96
 901.23
 914.76
 803.61
 907.50
 920.70
 831.59
 740.13
 925.67
 912.16
 716.98
 785.51
1012.79
 896.96
 887.78
 984.23
 952.53
 704.46
    nan
 818.04
 776.93
 921.43
 730.22
 945.27
 913.76
 905.33
 919.12
 885.11
 877.62
 891.31
 860.10
 831.83
 852.45
1022.21
 961.24
 927.27
 979.94
 884.42
 840.69
 888.63
 935.90
 977.80
 746.29
 861.28
 838.20
1074.87
 963.52
 826.20
 824.67
 817.20
 839.69
 971.30
 843.52
 854.56
 948.66
 837.81
 939.27
 975.59
 915.12
 914.56
 952.42
 918.11
 744.04
 942.47
 918.44
1021.43
1141.86
 966.39
 937.86
1039.30
 901.65
 943.30
 942.13
 741.38
 752.18
 859.53
 913.69
 972.02
 820.03
1078.13
 826.91
 878.12
 996.08
 916.85
 628.73
 930.27
 846.62
1018.06
 865.84
 777.75
 748.45
1108.43
 897.61
 934.30
 942.96
 826.13
 898.45
 961.93
 975.27
 793.55
 887.20
1016.78
 914.48
 902.18
1047.74
 694.41
 722.55
 795.41
 782.72
 971.56
 986.74
    nan
 954.60
 879.11
 971.64
1000.31
1013.02
1062.14
 809.32
 789.27
 775.66
 903.85
 749.05
 695.75
 944.85
 743.01
 965.52
 891.25
 937.70
 949.36
 886.61
 906.87
 945.87
 864.33
 819.13
 899.01
 845.04
 908.62
 828.52
    nan
 669.98
 848.73
 830.28
 828.90
1007.28
 904.98
 866.50
 839.28
 926.77
 943.26
1210.05
 920.31
 864.92
 959.03
 800.61
 939.87
 939.44
 934.06
 918.57
 917.40
 800.70
 913.79
 951.90
 954.79
1010.75
 866.45
 862.83
 929.35
 870.00
 891.29
 724.86
 899.19
1056.13
1059.93
 860.34
 875.55
 677.27
1012.69
 995.51
 866.04
 958.76
 744.25
 919.54
 857.47
 923.49
 789.80
 870.67
 862.95
    nan
    nan
1021.79
 874.66
 945.62
1004.72
1006.77
 686.31
 778.45
 866.36
 609.14
 781.05
 746.12
 911.42
 919.74
 951.81
 955.10
 883.77
 774.09
1093.39
 811.34
 820.39
1011.92
 983.00
 930.85
 752.99
1024.73
 859.86
 903.55
    nan
    nan
 931.16
1037.79
 896.33
 892.62
 848.98
 940.33
1050.95
1053.16
 835.50
 849.24
 983.76
 949.66
 750.29
 995.42
 828.18
 937.55
 872.73
 792.54
 827.60
1019.87
 753.79
 865.67
 970.51
 816.44
1003.29
1002.52
 784.38
 991.45
 798.26
 983.47
 805.45
 770.43
    nan
 840.22
1023.71
1048.30
1056.26
 783.37
 915.76
 944.64
 883.57
 930.98
 954.11
 884.69
 733.34
 900.01
1013.72
 853.95
 986.95
 958.46
 792.77
 923.31
 895.59
 970.69
1010.51
 881.54
1038.03
 772.61
 908.33
 892.83
 945.56
 820.99
 931.07
 976.44
 910.19
 931.21
 882.87
 981.49
 880.19
 815.88
    nan
 862.71
 999.04
 876.11
    nan
 979.45
 775.98
 941.80
 839.09
 913.64
    nan
 885.49
 826.60
 777.02
1032.24
1171.38
 897.38
 966.42
 969.72
 950.09
 772.07
 941.86
 845.78
 935.47
 845.16
1012.41
1002.94
 906.11
 936.60
1026.27
1033.27
1069.59
1004.43
 863.05
 838.87
 923.72
 970.02
 926.81
 849.66
 988.02
 936.82
 881.42
 782.65
 986.03
 812.00
 959.95
 853.24
 907.69
 828.82
1047.84
 817.91
1037.56
 950.82
 844.74
 833.75
 822.33
    nan
 799.62
 905.56
 648.53
 808.34
 836.18
 689.63
 781.81
 776.16
 829.11
    nan
 890.07
 821.34
 799.92
 944.82
 897.07
 891.83
 873.90
 953.95
 964.99
 739.17
1012.70
 960.85
1099.30
 967.45
 800.87
 902.57
 915.61
 779.41
 869.46
 971.16
    nan
 958.38
 852.62
 995.94
 694.88
 887.29
 854.16
 808.73
 815.97
1058.08
 824.93
 872.23
 877.79
 860.05
 945.38
 849.17
 999.68
 726.41
1054.53
 963.90
 974.22
1015.76
1068.95
1028.43
 936.48
 850.86
1013.08
1029.85
 959.94
1010.95
 831.43
 927.83
1019.04
 809.92
 808.69
 987.97
1008.58
 822.55
 859.83
 856.41
 774.58
 864.26
1040.70
 823.59
 937.55
 848.39
 738.34
 990.31
 848.24
 743.70
1160.67
 970.09
 776.98
 889.31
 898.98
 767.74
 811.05
 948.70
 922.38
 731.31
 832.49
 714.90
 874.15
 941.48
 984.22
 898.00
 834.44
 936.29
 769.32
 857.90
 915.73
 817.39
 866.09
 749.31
 956.99
 837.32
 945.12
 917.14
    nan
 867.04
    nan
 858.10
 850.22
1035.00
 933.82
 781.45
 833.63
 796.95
 952.90
 881.94
 979.87
1010.54
 962.76
 878.74
 742.97
 889.05
1054.11
 843.77
 784.31
1053.28
    nan
 918.90
 915.74
 850.85
1026.12
 883.71
1025.51
 996.37
 987.20
 818.99
1070.67
 654.67
 779.63
 915.88
 961.80
 747.33
 994.47
 780.65
 956.94
 944.68
 836.77
 985.35
 697.70
 989.88
 876.05
 869.37
 922.68
1053.49
 806.87
 820.56
1091.42
 922.10
 840.04
 958.10
 991.87
 741.35
 901.34
 889.12
 921.67
 960.17
1197.25
 870.17
 806.29
 936.40
1117.12
 946.81
1071.39
1122.22
 734.93
 886.67
 874.39
 877.92
 959.49
1000.90
 766.03
    nan
1003.12
 871.25
 881.16
 904.55
 810.54
 810.88
 808.27
 915.42
 922.33
 626.09
1003.90
 823.85
 987.41
1009.42
 950.89
 724.78
1081.30
 962.25
 923.64
 866.75
 890.50
 832.40
 788.72
 709.15
1044.10
 774.10
 925.01
 811.53
1124.62
 985.76
    nan
 881.76
 987.86
 723.51
1086.67
 979.69
 993.07
 791.41
    nan
 994.32
 868.15
 928.96
 833.23
 914.06
 976.86
 921.56
 820.27
 892.80
 835.82
 931.86
 897.74
 922.25
 922.90
    nan
 873.32
 972.11
 777.55
 794.79
 793.04
1026.30
1009.08
 947.84
 717.09
1092.88
 850.61
 971.24
1014.92
    nan
 899.94
 867.41
 802.78
 891.14
 935.74
 888.59
 840.63
 803.40
 812.73
 839.25
 831.57
 975.20
 724.54
 957.37
 930.80
 836.22
 891.00
1091.38
 797.73
 842.05
 872.06
1039.43
 930.40
 743.29
 915.72
 800.89
 849.64
 822.72
 842.75
 848.19
 867.10
1000.55
 886.54
 730.03
 945.54
 842.89
 841.36
 842.31
 849.15
 780.09
 932.37
1025.17
 921.70
 946.24
 874.88
 919.95
1102.38
 704.14
 767.84
 822.85
 798.00
 877.51
 885.99
 965.47
 955.65
 719.21
 885.55
 980.29
 821.77
 948.29
 851.53
 935.28
1141.32
 853.05
1017.60
 692.21
 955.55
 697.20
 759.88
 979.61
 970.26
    nan
 979.65
 785.38
 923.19
1038.57
1097.96
 731.91
1033.98
1026.82
 914.85
 816.90
 854.43
 942.52
 840.12
 847.38
 665.48
 710.34
 805.15
 909.92
 971.64
 716.44
1065.28
 804.63
 960.34
1080.99
 929.53
1008.25
 960.24
 859.35
 758.65
 991.52
 834.78
1065.63
 956.08
 876.46
 780.69
 943.11
 995.98
 876.16
 963.87
 759.59
 832.68
 787.86
1006.27
 849.94
 834.13
 805.51
 896.50
 785.63
 919.43
 907.51
 935.44
 984.96
 636.20
 858.46
 813.80
 835.21
 804.11
 870.10
 847.70
 998.17
 952.08
 869.48
 764.34
 949.80
 950.05
 895.90
 827.76
 828.22
 631.27
 819.77
 990.29
 845.91
 938.98
    nan
 937.55
 858.87
1035.09
 889.58
 905.29
 788.87
 765.22
 915.60
 826.99
 902.97
 816.10
 780.61
 919.47
 699.01
 996.35
 810.72
 994.90
 939.94
1046.45
 947.51
 770.52
 843.69
 952.13
 876.66
 978.82
 897.38
1022.86
 699.49
 927.72
 814.78
 997.24
 887.64
 889.80
 906.81
 891.46
 874.20
 894.79
 908.06
 887.77
 896.05
1020.41
 802.93
1041.64
 900.73
 948.82
 906.49
 883.39
 816.71
1021.43
 798.31
 958.76
 964.70
 872.82
 894.62
 918.24
 780.99
1057.85
 840.48
 885.53
 940.39
 964.09
 974.80
1026.88
 930.00
 999.97
 989.22
1026.94
 937.80
 737.32
 961.83
 920.44
 887.65
 964.50
 913.96
 939.56
1010.87
 833.11
 895.52
1024.89
 848.42
 783.86
1055.29
 884.79
 751.87
    nan
 970.96
 829.70
 765.75
1014.29
 868.03
1000.99
 916.48
 881.51
 935.70
 858.36
 905.58
 902.61
 997.62
 864.46
 883.98
 811.71
 966.81
 830.76
 954.54
 920.34
 790.71
 758.95
1028.55
1049.93
 843.51
 682.79
 807.47
 859.41
 844.56
 904.31
1032.24
 942.55
 889.05
 769.05
 926.19
1029.21
 759.76
 786.41
 736.84
 970.90
 841.47
 811.50
 831.88
 966.28
 884.72
 845.21
 996.45
 918.56
 988.47
 917.02
1000.90
 934.28
 882.73
 854.95
 696.02
 951.40
 862.18
 860.61
 932.69
 839.98
 997.67
 859.95
 881.39
 902.12
 866.28
 782.39
 950.52
 877.74
 841.93
 989.63
 799.24
 974.73
 847.18
1010.16
 759.63
 937.73
1014.17
 725.38
 809.68
 847.51
 783.08
 759.65
 957.72
 901.53
 921.74
 797.99
 948.75
 991.07
1047.79
 788.57
1027.21
 780.04
1019.86
 924.22
 889.42
 989.88
 849.83
 706.45
1034.02
 779.55
 816.72
 803.64
 786.73
 854.90
 936.97
 961.91
1028.08
 877.05
 936.53
 898.65
1032.55
    nan
 895.26
 908.02
1030.69
 836.76
 802.84
1020.37
1103.30
 945.74
1003.42
 898.47
1010.57
    nan
 813.71
 963.82
 914.09
 899.93
 806.76
 827.18
 884.34
 880.96
1153.93
 734.30
    nan
 753.01
 754.70
 840.90
 858.64
    nan
 822.35
 828.93
 949.81
    nan
 843.82
 691.27
1025.79
 868.03
 871.43
 765.36
 799.71
 878.22
 839.01
 862.27
1007.54
 923.49
 984.77
 982.48
 781.08
 973.19
 627.91
 806.46
 740.24
 737.04
 832.14
 817.62
 960.73
 868.97
 866.59
 981.49
1020.00
 865.88
 787.22
    nan
1056.49
    nan
 762.51
 783.63
 815.15
 901.53
 907.45
 952.99
1043.89
 909.42
 964.86
 815.96
 958.42
 993.00
 917.85
 948.19
1059.42
 855.50
 941.43
 970.96
 917.25
 943.95
 737.49
 770.28
 923.75
 829.70
 905.09
    nan
 904.62
 939.05
 859.92
 950.47
 943.87
 947.68
 835.86
 660.39
1023.73
 909.59
 954.05
1057.80
 921.46
 967.87
 753.64
 876.91
 876.06
 782.73
 826.95
 878.67
 810.46
 979.02
 941.08
1015.99
 860.12
 795.56
1026.37
1001.97
 978.27
 878.73
 758.90
 827.87
 973.21
 914.22
 856.00
1009.72
 733.03
 880.70
 900.76
 769.33
1074.39
 969.03
 920.45
 893.55
 956.95
 936.40
 810.78
    nan
1004.39
 905.59
 811.61
 878.79
 919.21
1066.46
1052.14
 862.03
1016.76
 942.11
 814.24
 713.40
    nan
 848.47
 899.66
1061.50
 920.01
 967.22
 883.45
 758.59
 812.94
 702.91
 805.67
 810.50
 976.39
 862.32
 831.85
 773.77
 803.74
 953.39
 939.70
 918.40
 929.01
1072.70
 980.49
 794.50
 952.31
 967.81
 712.75
 811.45
1041.12
 929.15
 958.86
 966.55
 876.40
1089.88
 815.02
 954.14
 884.98
 946.43
 914.63
 769.19
 884.09
 845.08
 985.68
1051.50
 708.58
1008.03
1016.77
 841.40
 849.64
1038.17
 726.63
 859.31
 813.23
 831.67
1060.62
 955.76
1127.71
 861.10
 898.50
 879.46
 872.46
 881.10
 881.12
 845.63
 910.53
 864.54
 935.53
 853.98
 934.76
 855.01
    nan
 923.39
 929.48
 943.48
1061.07
 743.93
1031.07
 927.63
1052.90
1003.18
 869.48
 822.66
 853.32
1076.31
 946.91
 959.83
 954.31
1024.94
1072.61
 684.80
 745.35
 975.16
 914.30
 885.34
 985.57
 951.30
 945.46
 996.72
 829.33
 963.10
 936.05
 662.26
1042.68
 865.36
1006.85
 897.52
 899.54
 744.54
 997.14
 851.97
 981.37
 912.75
 937.25
 989.78
 999.66
 908.70
 937.49
 834.04
 815.37
 916.45
 670.93
 831.02
 813.28
 932.34
 839.64
 901.36
 819.00
 894.38
 891.26
 840.19
 905.65
 856.60
 925.05
 868.15
 721.81
1020.57
 908.11
 809.14
 758.41
 924.40
 944.44
 875.82
 972.31
 948.58
 961.51
 897.89
1079.60
 683.27
 816.60
 814.70
 851.97
 798.38
 996.10
 968.90
 988.83
 949.88
1007.78
1014.09
 912.86
 934.86
 844.26
1049.57
 898.29
 879.08
 889.66
 721.34
    nan
 941.72
 905.74
 956.06
 966.73
 955.98
 899.27
 859.26
 924.44
 779.29
 845.40
 854.76
 865.34
 865.38
 873.61
 861.24
 889.23
 855.70
1016.29
 896.37
 977.38
1069.48
 786.20
 937.87
 834.74
 828.89
 847.11
 911.01
 741.56
 935.90
 904.23
1048.82
 880.53
 841.78
 932.74
 979.43
 800.38
 890.89
1065.34
 844.80
 822.88
 991.99
 766.95
1042.18
 831.74
 948.16
1009.28
 897.00
 820.95
1015.16
 872.39
 723.01
 914.07
 927.63
 990.66
 986.91
 829.29
 906.76
 862.15
 928.08
 893.90
 897.03
 872.79
 775.23
 880.69
1153.15
 987.91
 850.59
1031.76
 892.76
 989.93
 703.27
 821.66
 746.86
1033.29
 857.40
 935.66
 821.34
1027.16
 915.35
 916.45
 703.55
 890.09
 860.39
 970.02
 790.15
1076.76
 912.87
 865.11
1017.79
 913.18
1028.44
 846.94
1019.13
 775.22
 929.72
 960.10
1002.46
 828.70
 736.98
1169.75
 800.23
 928.08
 922.06
 903.67
1105.99
 776.50
 835.44
 796.15
 863.82
 979.75
 828.26
 895.57
 863.25
 945.09
1033.64
 852.69
 990.18
 772.16
1075.83
 977.91
    nan
1015.78
 916.81
 796.64
 909.63
 878.19
 864.13
 922.77
 767.63
1125.30
    nan
 924.71
1107.78
 712.16
 715.61
 720.62
 950.05
 939.81
1006.79
 764.62
 720.88
1005.89
1163.56
 810.85
1074.77
 958.71
 851.10
 760.32
 981.28
 867.22
 989.35
1062.99
 738.41
 873.27
 887.64
 872.82
 767.82
 936.25
 843.52
 957.69
1011.11
 794.39
 907.30
1048.19
1020.21
 902.85
 860.33
 982.04
1029.83
 965.31
 858.43
 896.64
 826.63
 915.68
 979.34
1021.31
 863.05
 794.69
 949.87
 994.69
 802.52
 933.09
1018.30
    nan
1006.17
 808.48
 837.55
 846.92
1024.94
 832.71
 818.43
 923.81
1050.48
1160.48
 909.98
 898.59
 870.53
 867.27
1131.73
 799.30
 921.00
 752.35
 845.77
 914.80
 839.63
 851.06
 911.51
 820.35
 936.32
 924.09
 901.73
1013.71
 931.03
 925.81
1071.05
 870.37
 760.88
 966.04
 736.83
 919.47
 755.22
 812.89
 944.55
1067.31
1008.54
 923.72
 800.10
 986.69
 888.27
 937.39
 919.88
1046.70
 797.30
 844.38
 899.39
    nan
 806.10
 802.16
 951.52
 941.83
 684.09
 861.68
 772.00
 847.31
 930.12
1099.40
 875.23
 930.49
 918.40
1041.68
 844.25
 864.53
 892.93
 992.34
 962.16
 856.74
 979.99
 857.94
 812.70
1119.55
 915.76
1038.58
1064.25
 888.28
1011.58
 764.59
 890.41
 827.13
 792.66
 908.01
 821.18
 905.81
1022.32
 721.30
 882.91
 907.58
 944.88
 831.17
 935.60
 936.06
 891.51
 875.95
 876.47
 926.41
1034.12
 943.52
 929.23
 851.03
 929.44
 980.93
 837.43
 926.49
 936.68
 855.80
 712.82
 854.89
 948.67
 716.79
1047.76
 799.45
 913.91
 889.70
1062.75
 924.90
1022.94
 872.51
 768.86
 916.05
 869.80
 969.42
 894.77
    nan
 844.25
 815.80
 886.78
 883.64
 836.26
 899.60
1028.16
 999.51
 946.84
 985.81
 844.28
    nan
 819.51
 817.65
 844.11
 837.06
 737.22
 912.85
 803.87
1048.07
 868.01
 796.40
 887.48
1028.89
1147.97
 988.23
1021.48
1011.54
 958.76
 893.19
 884.12
1000.90
 894.64
 943.99
 814.03
1046.96
 936.16
 882.52
1092.53
 744.36
 790.13
1032.11
1018.41
1007.46
 797.21
 977.22
 801.85
 830.35
1065.63
 964.78
 759.11
    nan
 953.85
 892.41
 669.06
 807.04
 924.13
 833.67
 909.47
 946.55
 639.53
 940.56
 741.78
1114.18
 805.32
    nan
 995.65
 937.28
1008.56
 810.18
 819.07
 956.68
 816.29
 709.14
 868.67
1041.42
 881.27
 924.07
 898.17
1000.80
 845.03
 835.49
 944.80
 866.99
 891.16
 775.29
 947.24
 945.24
 990.87
 879.76
 801.38
 777.93
 888.82
    nan
 919.16
 698.43
 919.06
1038.19
 941.50
 847.21
1001.40
1021.35
 875.55
    nan
 788.99
 883.55
 845.25
1066.07
 753.79
 891.10
 842.05
 738.63
1014.85
 702.15
 968.14
1111.50
 996.97
1038.26
1031.70
1057.82
 762.17
 881.85
 826.16
 856.73
 926.52
 903.35
 773.68
1030.26
 919.77
1020.79
 925.35
 844.53
1143.57
 968.08
 874.57
 974.65
    nan
 989.64
 962.25
 863.55
 811.36
 922.59
 870.62
 925.99
 870.38
 834.04
 749.23
 757.82
 839.83
 897.67
    nan
 851.01
 932.40
1059.23
1052.12
 953.90
 836.93
 624.21
 816.20
1009.75
 843.30
 829.02
    nan
 918.92
 818.80
1026.07
 787.41
 962.93
 862.87
 861.39
 930.51
 854.28
 890.69
1000.72
 936.79
 922.25
 806.22
 892.26
 938.18
 839.53
 993.96
 783.88
 903.27
 936.60
 750.81
 985.14
 970.05
 834.67
 955.34
 906.35
 924.50
 959.62
 880.72
 863.11
 837.64
 999.22
 867.07
 804.69
 737.87
 843.61
 882.70
 769.26
1033.57
 832.03
 910.40
 909.18
1064.04
 992.92
 968.29
1092.77
1043.90
 843.28
 726.36
 802.67
 786.37
1071.31
 879.34
 839.45
 834.57
1014.98
 843.83
 749.96
 653.84
    nan
 948.01
    nan
 879.89
1085.98
 998.66
 869.44
 916.23
 798.58
    nan
    nan
 893.16
 853.73
 938.60
 874.72
1005.56
 804.98
1077.25
 799.68
 888.33
 826.32
1121.31
1024.45
 779.00
 800.29
 872.53
 961.71
1076.74
 758.79
 877.78
 859.63
 906.17
 920.91
 942.96
1013.35
 971.04
1052.35
 822.05
 853.25
 842.94
 845.50
 895.86
 859.86
1002.69
 887.91
 976.92
 901.71
 922.05
 946.95
1004.68
 847.65
 844.91
 806.69
 805.59
1005.79
 955.54
 783.82
 663.02
 875.48
 883.05
 722.72
 953.68
 960.60
 886.76
 790.51
1122.63
 979.32
 878.32
1026.92
    nan
 842.00
 963.26
 677.53
 681.43
 820.96
 795.26
 896.71
 905.14
1001.53
 919.39
 694.84
 846.33
 856.03
 787.68
 792.71
 911.63
 968.13
 900.03
 956.67
 796.48
 912.44
1086.37
 861.79
 965.77
 987.25
1014.17
1123.85
 912.77
 939.95
 986.73
    nan
 868.84
 879.74
 648.16
 858.97
1001.27
1084.64
 933.34
 805.51
 971.27
 933.48
 912.14
1025.43
 776.35
 897.97
 942.33
 983.58
 830.76
 999.10
 946.18
 814.80
 863.70
 840.94
 894.28
 853.38
 970.35
 894.38
1078.83
 957.00
 980.62
 980.23
 942.16
 895.51
 921.62
 624.96
 931.59
    nan
    nan
 983.71
 983.78
 813.30
 855.88
 765.64
 963.38
 864.47
1004.65
 940.82
 711.09
 858.20
 949.03
 794.04
1002.30
 823.04
 958.36
 885.94
 936.70
 933.08
 945.93
 814.77
 895.16
1016.12
    nan
 954.05
 796.02
 867.00
 931.30
 956.59
1007.04
1013.84
 734.64
 854.38
 904.81
    nan
 720.59
1030.53
 931.02
 792.81
 798.96
 948.64
1001.30
 860.64
 842.06
1016.26
 859.24
1146.81
 944.69
 933.72
 893.72
 951.82
 932.01
1005.61
    nan
 745.73
1042.77
1035.96
 946.75
 950.18
 938.10
 877.36
1010.42
 846.65
 900.09
 945.79
 949.41
 777.13
 693.17
 898.25
 991.23
 855.09
 859.60
 932.49
 815.07
 921.58
1003.09
 846.06
 884.12
 936.01
1035.41
    nan
 773.39
 725.97
 893.45
1100.58
 963.97
 867.14
 883.84
 961.08
 924.53
 914.74
 899.42
 750.02
 802.68
 788.14
 896.20
1036.70
 759.58
 829.10
 884.30
 958.09
 758.20
 772.05
 875.94
1075.27
 787.75
 900.64
 912.73
 720.78
 897.12
 930.99
1016.27
 991.69
 800.70
 932.38
 959.64
1014.27
 800.75
 825.31
 772.85
 830.16
 968.81
 840.43
1037.71
 946.88
 964.40
 822.15
 850.98
 998.25
 910.92
 901.99
 808.40
1070.76
 960.23
 951.85
 926.12
 982.81
 933.52
 855.87
1007.89
 884.77
 943.94
 857.31
 937.06
 725.68
 798.18
 959.25
1188.56
 859.66
1007.41
 864.93
 984.48
 943.33
 925.38
 924.74
1025.16
 914.63
 838.02
 937.31
 886.09
 842.05
 862.91
 852.73
 769.39
 943.19
 820.00
 974.17
 868.24
 852.97
 964.39
1039.54
1119.31
1057.86
 845.76
 837.19
 775.45
 855.63
    nan
 823.41
1041.54
1133.47
 888.03
 909.09
 915.38
 952.41
 979.36
 843.45
    nan
 798.71
 687.98
 983.82
 902.08
 882.40
    nan
1061.76
 711.80
 980.94
 977.00
 845.79
 965.35
 980.87
 999.88
 924.28
1066.28
 885.95
 847.79
    nan
1066.48
 887.36
1089.69
 928.16
 802.29
 879.32
 961.44
 669.47
 921.62
 727.64
 988.81
 832.98
 873.35
 808.65
 853.54
 817.85
 967.98
 858.20
 853.40
 968.30
 938.89
 815.69
 927.71
 821.79
 958.48
 768.60
 874.88
 884.42
 976.66
 833.31
 799.64
 918.85
 862.71
 918.13
1090.25
 956.85
 923.54
 854.99
 875.88
 904.96
1106.98
 916.56
 797.77
1017.07
 972.11
1009.68
 803.00
 946.33
 884.50
 946.55
 766.39
1024.22
 927.74
 941.54
 874.66
1061.13
 846.19
1001.44
 897.05
 804.38
 845.86
 917.94
 891.36
 899.98
 877.67
 868.87
 886.89
 911.89
 844.26
1103.22
 990.37
    nan
1245.66
 988.34
 886.94
1063.15
 906.77
1037.85
 895.03
 733.08
 774.35
 942.31
 887.73
 991.04
 697.84
 950.47
1093.88
 919.29
 904.97
1028.21
 849.99
 785.36
 827.06
 713.67
 924.10
 822.81
 937.58
 895.93
1033.11
 842.70
 934.35
 928.37
1114.87
1008.57
 783.37
 906.98
 889.35
1047.98
 929.38
 917.23
 790.39
1010.53
 870.34
    nan
 919.28
 937.51
 811.96
 977.22
 809.76
 833.71
 737.59
 973.86
 869.00
 765.75
 819.72
 922.79
 860.60
 716.23
 910.90
 920.48
 833.26
 906.07
 751.05
1105.30
1053.19
 834.16
 932.68
 889.74
 975.94
 878.31
1010.14
 777.00
 875.09
 961.55
 874.81
 686.64
 988.80
 735.51
 818.50
 797.69
 816.49
 720.36
 824.69
1054.61
1062.17
 642.48
 991.44
1036.47
1038.78
    nan
 879.12
 928.61
 983.59
 846.60
1082.13
 987.27
 928.03
 940.67
 871.69
 837.74
 998.99
 824.67
    nan
 992.88
 856.95
 877.35
 867.67
1004.13
1021.05
 845.72
 780.32
 940.68
 858.44
 870.99
 992.00
1009.58
 926.96
 832.64
 804.25
 813.11
 829.03
 810.49
 800.62
 825.33
 810.01
 942.88
 683.92
 919.76
 782.72
 985.53
 974.79
 723.27
 922.90
 966.32
 838.23
 993.34
 746.08
 957.39
 916.58
    nan
 914.47
 794.58
1054.99
 827.08
 833.45
 838.93
 907.73
1068.70
 972.79
 913.67
 922.98
 887.78
 981.47
 837.02
1010.32
 858.29
 912.00
 816.73
 726.56
 805.50
 738.98
 812.94
 977.44
 938.12
1004.46
 873.05
 785.24
1033.79
 843.83
 834.55
 914.23
 891.96
 872.39
 925.91
 958.84
 922.36
 807.24
 983.73
1065.12
 846.38
 796.76
 885.70
 987.40
 799.10
1011.64
 718.26
 880.86
 864.48
 904.99
 788.38
 985.51
 935.22
 864.89
1024.08
 870.16
 912.00
1086.95
 812.69
    nan
 696.73
 825.98
 923.16
 907.52
 857.95
 787.12
 935.33
 806.06
1013.26
 868.25
1030.77
1074.22
 957.31
 908.96
 745.87
 850.33
 902.43
 822.87
1028.44
 733.31
 912.65
 854.83
 789.15
 996.45
 920.51
 971.01
 959.31
 813.74
    nan
1126.37
 786.00
1030.79
 877.74
 848.93
1077.75
 996.14
 859.10
 853.78
 851.04
 921.75
 883.66
1154.17
 968.36
 903.41
 946.44
 826.13
1046.61
 808.66
 974.97
 863.91
 845.23
 933.63
 926.40
 848.18
    nan
 829.17
 897.07
1134.74
 899.08
 965.33
 946.55
1098.77
 768.16
1012.18
1159.38
 954.14
 727.81
 956.07
1065.77
 830.65
 908.15
 924.43
 808.79
 779.22
 845.71
 913.51
1079.38
1025.28
 847.47
 872.04
 774.05
 922.59
 976.19
 894.04
 841.18
1109.14
 839.45
 726.31
1023.81
 620.61
 703.32
 886.91
 809.40
 830.41
 895.62
 854.73
 926.58
 704.24
 877.36
1017.56
1118.63
 938.81
1016.80
 997.19
1127.48
 817.53
 894.43
1021.89
 927.86
 957.97
 947.76
 882.31
 804.08
1018.60
 905.04
 967.42
 897.65
 891.08
 962.16
 883.72
 727.48
 863.11
 988.98
 797.47
 873.59
 846.42
 887.29
 968.50
 882.90
 845.39
 898.08
 983.77
 756.11
 941.49
 905.37
 944.47
 957.42
 776.50
 948.01
 751.98
 811.58
1074.70
 885.56
 918.64
 960.28
1086.75
1020.99
 810.88
 809.79
 911.71
 874.31
 859.53
 819.99
1007.41
 983.72
 911.68
1092.54
1039.65
1008.91
 842.26
1006.30
 854.95
1065.77
 851.98
 786.88
 762.36
1022.00
 981.02
 941.02
    nan
 752.35
 922.23
 862.61
 909.85
 880.13
 661.86
 698.57
1100.18
 923.67
 862.00
 819.31
 668.13
 836.61
 892.47
1155.25
 956.92
    nan
 796.00
 947.46
1182.43
 924.96
 734.32
1008.73
 969.53
 887.86
 835.46
 847.89
1053.94
 887.15
 906.93
 804.87
 911.96
 695.69
 887.26
 869.37
 939.33
 981.26
 821.70
 866.69
 841.42
 989.35
 901.13
 859.41
 901.48
 996.66
 809.41
1127.38
 859.88
 734.49
 878.83
 860.52
 841.50
 989.56
 906.84
 962.21
 802.88
 932.76
 852.19
 855.71
1057.22
 827.67
 834.67
 752.04
 920.77
 891.18
 653.39
 738.92
1055.64
 894.39
1078.89
 890.21
 724.43
 859.44
1108.31
 864.96
 998.28
 836.84
 930.76
 899.46
 957.47
 622.10
 867.66
 924.47
 762.04
1005.53
1014.67
 805.13
 915.50
1017.18
 898.56
 785.71
 865.85
 898.90
    nan
 828.01
 794.03
 928.38
 855.69
 823.02
 835.60
 844.11
 910.48
1142.23
 856.72
 718.79
 963.68
 750.51
1029.18
 819.73
 903.78
 922.81
 662.93
 992.08
 836.76
1008.96
 968.87
 797.82
 954.07
 866.09
 576.48
1132.03
 867.18
 939.65
 988.82
1082.29
 871.35
 896.84
 886.05
 857.61
 975.73
 980.60
 774.09
 955.54
 761.86
 988.21
 753.31
 879.23
1061.64
 880.77
1000.93
1020.98
 957.50
 889.80
 947.26
 924.46
 795.34
1033.12
1010.11
1050.73
 935.21
 830.12
 918.09
 828.48
 699.70
 923.71
 924.70
1102.99
 833.76
 955.08
 865.43
 905.66
 865.44
 878.05
1027.12
 897.49
 923.80
 848.46
 877.58
 938.22
 907.28
1013.35
 815.47
 673.41
 833.89
 956.48
 905.03
1027.35
1085.53
 932.49
1047.12
 788.24
 977.64
 864.80
 918.72
1002.13
 838.03
 803.90
 807.70
 950.10
1002.42
 776.15
 557.19
 785.09
 859.86
1034.15
 922.68
 897.61
 779.03
 772.36
 954.90
 823.65
1038.60
 953.78
1071.06
1015.32
1051.36
 885.81
 826.89
 949.18
 975.02
 782.46
 720.89
 974.92
 856.79
 919.36
 965.23
 945.28
 836.46
 915.61
 947.66
 815.96
 965.55
 831.45
 924.39
 920.00
 787.60
 896.31
 853.22
 887.02
 986.55
 792.89
 885.66
 939.80
 857.49
 908.19
1035.90
 994.15
 799.47
1020.62
1055.99
 824.98
 947.21
 729.48
 965.81
 742.37
 942.15
 866.93
 968.27
 980.20
 940.59
 861.91
 992.26
 878.02
 834.50
1005.78
1019.26
 787.83
1005.32
 969.17
 727.40
 899.14
 840.51
 994.66
 908.26
1074.20
1058.39
    nan
 773.61
 881.08
 776.39
1045.49
 783.61
 652.19
 894.96
 744.95
 815.12
1011.24
 820.10
 833.87
1035.50
 826.42
 875.99
1003.46
 754.37
 833.00
 961.31
 933.03
 845.27
1016.44
 850.02
 631.39
 740.90
 883.09
 776.03
 922.94
1206.10
1038.56
 815.94
 975.76
 972.63
1111.48
 835.29
 855.66
 630.81
 838.09
 881.02
 953.03
 898.22
 774.06
 984.67
1016.34
 874.51
 963.64
1047.06
 953.13
    nan
 842.62
 860.94
 868.16
 684.78
 924.08
1003.73
 927.15
 714.73
 907.18
 830.25
 728.59
 922.70
 936.80
 889.62
 990.26
 929.68
 990.08
 782.21
 931.75
1096.35
 828.33
 833.31
1041.83
 778.80
 815.03
 931.97
 857.04
 781.28
 874.40
 978.91
 882.02
1022.04
 692.61
1053.36
 800.16
 854.74
 981.41
1074.96
 902.85
 822.40
 879.00
 719.48
 909.33
1002.28
1048.55
 746.47
 974.76
1022.43
1062.21
 979.87
 953.39
 627.73
1045.41
 972.89
 986.67
 862.80
 976.52
1029.94
 870.14
 878.52
 765.37
 892.61
1041.31
 865.56
 886.32
 900.32
 908.98
1008.10
 903.09
 938.07
 778.97
 931.70
 933.63
 822.72
 877.07
 909.36
1010.20
 973.45
1029.52
 995.31
 817.50
 819.73
 833.11
 903.72
 823.73
 914.11
 909.24
1024.81
 877.43
 824.40
 932.84
 861.21
 894.99
 826.00
 843.67
 932.95
 976.03
 932.00
1000.50
 876.57
 910.99
 803.45
1110.20
 869.51
 774.22
 875.58
 915.88
 886.07
 856.29
 818.97
 951.92
 876.03
 965.64
 874.32
 967.10
 880.54
 874.44
 837.79
1087.22
 795.23
 767.45
 885.87
 729.92
    nan
 975.40
1100.80
 786.86
 944.67
 766.18
 940.22
 943.72
 947.16
1018.77
 782.16
 730.00
1030.12
 927.22
 838.60
 815.73
 765.42
 837.17
 855.22
 780.36
 964.75
1093.30
 782.97
 725.65
 970.45
 873.80
 862.57
 900.28
 831.42
 961.85
 838.93
 895.39
 975.69
 781.40
 807.99
 785.42
1086.83
 855.13
 939.57
1039.58
 868.00
1011.07
 910.84
 911.21
 883.21
 894.56
 995.00
 878.86
 873.69
 937.81
 860.49
 965.88
 864.17
 959.93
1046.16
 763.13
 995.89
 837.54
 813.57
 981.38
 831.94
 889.77
 828.26
 826.76
 947.59
 766.32
 911.20
 855.17
1036.31
 782.32
 990.73
 779.51
 787.02
 987.96
1086.40
 559.76
 930.61
 850.18
 837.93
 925.21
 867.06
 921.47
 741.37
 834.10
 738.75
 626.50
 720.76
 789.58
 904.12
 943.96
 775.02
 880.96
 740.59
 902.66
 726.19
 987.48
 761.00
1016.54
1161.31
1041.46
 834.29
 989.16
1121.36
 752.78
 941.50
 958.58
 897.17
 787.99
1038.99
1003.07
 996.65
 866.06
 916.74
1001.95
1023.20
 682.91
 934.55
 960.35
 861.72
 984.66
 700.56
 924.53
 868.79
1044.13
 881.02
1060.63
 772.87
 983.85
    nan
 975.05
 962.78
 869.03
 890.57
 712.86
1114.69
1134.14
 990.50
 847.62
 865.27
 949.63
 846.67
 914.25
 869.17
 938.72
 939.87
 901.39
 828.38
1027.11
 849.14
 787.23
 902.75
 866.93
 911.51
 854.06
 776.32
 988.77
 918.85
 882.50
 930.05
 883.21
 957.19
 661.14
1041.05
 747.72
 773.05
1133.21
 887.26
 849.80
 866.90
1025.20
 853.41
    nan
 999.72
 978.56
1083.19
 748.66
 817.02
1046.96
 954.45
1086.62
 833.42
 976.14
1021.45
 770.92
 947.99
1054.60
 761.33
 949.07
1010.33
1088.96
 882.62
 991.92
 981.10
 881.52
 981.36
 892.45
1078.90
 736.72
 876.19
 823.58
 999.72
 739.44
 951.11
1016.56
 911.85
 698.85
 791.12
 800.46
 844.06
 891.29
 847.93
 872.13
 984.72
 695.56
 965.51
 802.04
 934.24
 822.45
 768.96
1066.61
1102.92
 964.32
 957.26
 962.64
 799.23
 983.67
 894.01
 866.10
1007.36
 960.38
 780.80
 867.21
 601.24
 911.07
 800.47
1049.43
 913.47
 891.17
 895.25
 693.60
 813.87
 805.68
 854.93
 826.38
 656.87
 770.45
 940.51
 895.65
 840.20
1039.14
 829.70
 911.25
 997.92
 862.87
 874.10
 891.49
    nan
 826.27
 883.23
 840.35
1000.52
 792.55
 568.86
 971.81
 662.18
 963.62
 929.09
 933.33
1011.24
 882.11
 963.30
 921.49
 813.90
 849.90
1049.65
1032.36
 866.61
 972.08
 727.13
 872.94
 976.32
 933.50
 983.59
 791.32
 999.15
 873.91
1012.71
 964.53
 748.14
 951.94
 952.72
 720.28
 967.50
 684.86
 975.04
 923.69
 873.94
 979.77
 898.72
 864.94
 871.41
1002.71
 884.42
 960.24
 742.28
 859.37
 926.77
 816.59
 800.27
 955.26
1081.59
 841.59
 838.60
 965.37
 882.66
 903.64
 870.43
 870.28
1034.66
1020.76
 967.94
 709.29
 926.63
1053.67
 989.11
 811.32
 875.60
 950.77
1073.73
1192.46
 886.65
 982.90
 977.44
 979.50
 852.22
 792.07
 841.08
 876.85
 843.54
 765.08
 923.58
 697.94
 977.99
 841.09
 984.67
 953.14
 763.04
1009.15
 925.86
 929.78
 956.42
 914.14
 878.63
 885.53
 952.24
1020.21
 839.94
 824.74
 872.18
 843.65
 894.32
 985.59
 806.15
 841.24
 809.13
 698.19
 839.84
 938.37
 868.39
1068.17
 994.30
 994.44
 966.20
 907.96
 911.32
 812.57
 673.88
1021.75
 956.25
 915.91
 986.07
 966.64
1051.45
 890.51
 925.94
1056.82
    nan
 854.49
 721.45
1055.17
 798.04
 937.83
 857.46
 884.60
 907.07
 796.54
 863.36
 983.64
 993.64
 927.93
1014.73
 998.76
1039.19
 998.64
 893.47
 875.68
 947.14
 850.27
 939.14
 703.47
 882.19
 856.65
 821.96
 962.73
 923.12
 831.69
 764.94
 977.22
 852.07
1036.47
 951.14
1036.05
 975.65
 805.93
 978.19
 871.52
 966.51
 918.39
1016.93
 929.53
 878.84
 969.30
 842.29
 939.41
 855.12
 862.93
 912.40
1030.68
 931.65
 902.05
 818.48
 843.11
 864.91
 916.00
 916.12
1075.67
 842.24
 881.93
 849.33
 987.25
 866.20
1084.35
 816.26
 799.81
 924.32
 825.32
 955.60
 984.96
1002.19
1001.13
 977.06
 965.10
1007.27
 792.19
1022.50
 957.71
 974.03
1015.97
 848.17
 899.19
 941.29
 981.79
 903.92
 937.57
 898.96
1004.09
    nan
 943.51
 909.14
 994.32
1072.00
 780.17
 978.44
 970.32
 955.35
 999.72
 814.92
 955.65
 882.35
 922.01
 900.23
 894.31
 788.41
1004.60
 746.71
 865.36
 894.31
 989.56
1031.01
 862.72
 807.47
 867.71
 872.63
 923.25
 864.22
 862.59
 821.96
    nan
 938.41
 997.74
 958.42
1084.02
 918.99
 916.48
 835.06
 858.53
1042.41
 959.85
 860.22
1046.26
 770.59
 845.02
 942.47
 987.53
 947.81
 927.89
 796.31
 879.99
 774.83
 825.70
 714.88
 797.97
 917.81
 825.55
 985.11
1062.96
 844.59
 980.83
 875.53
 959.84
 945.52
 889.22
 864.34
 939.21
 859.29
 957.72
 874.86
 922.71
 979.54
 698.03
 907.82
 768.64
 920.89
 915.67
 835.53
1024.03
 917.40
 877.83
 976.49
 949.81
 900.38
 996.25
1008.64
 839.79
 732.07
 953.43
 925.01
 795.90
 702.22
 837.32
 910.05
 833.07
 756.44
 910.52
 987.83
 830.27
 874.35
 863.53
1069.97
 848.85
 995.54
 844.03
 881.92
 896.49
1007.05
 954.75
 908.54
 974.04
 893.46
 934.47
 950.26
 860.00
1032.71
 813.00
 968.17
 806.94
 894.60
 811.01
 873.71
 876.19
 957.98
 782.44
 997.70
 744.29
 887.00
1016.20
    nan
1036.27
1032.45
 867.43
1034.86
1027.35
 868.78
 987.94
 827.83
 812.94
 839.68
 919.38
 887.53
1064.20
 765.85
 926.87
 830.47
 910.52
 837.90
 856.35
 969.31
 967.46
 807.07
 786.75
 852.61
 971.10
 960.84
 863.36
 886.43
 965.64
 857.07
 852.96
 833.03
    nan
 859.69
 802.34
1037.16
 841.33
 670.99
 869.96
 892.47
 890.48
 895.43
 889.29
 957.26
 890.52
 806.55
 996.52
 709.78
 974.28
 888.02
 864.58
 735.05
1071.28
 807.78
 944.88
 736.80
1026.25
 804.84
 776.85
 857.64
 878.70
 852.56
 713.50
 752.01
1030.19
 915.32
 776.39
 874.88
 959.05
 931.31
 814.82
 822.18
 826.11
 953.75
 721.19
 954.36
 995.54
 937.41
 918.33
 821.21
 815.65
 984.42
 901.57
 960.16
 983.66
 912.46
 923.88
 832.90
    nan
 879.44
 968.55
1129.64
 730.69
 723.09
1110.71
 810.50
 783.31
 770.05
 795.56
1007.14
1097.17
 969.54
 872.78
 882.05
 864.68
 981.30
1062.66
 864.00
 908.68
 937.64
 808.56
 875.91
 949.39
 740.52
 726.76
 961.03
 937.40
 864.56
 930.31
 781.01
 774.67
 896.06
 915.10
1022.76
 977.64
1061.81
 880.66
 933.08
 887.16
 990.43
 799.83
 996.63
1000.45
 807.91
 993.95
 784.04
 702.66
 754.70
 795.66
 840.96
 928.77
 937.86
1015.25
 987.78
 897.30
 879.56
 871.72
1037.60
 894.21
 795.99
1064.00
1007.34
    nan
 789.80
 748.88
1051.88
 733.19
 856.90
 998.76
 956.96
 895.21
 790.40
1040.23
 981.03
 732.87
1012.06
1037.65
    nan
1049.81
 913.42
    nan
 935.41
 936.11
 917.08
 757.07
1005.50
 835.66
 837.06
 802.19
 957.25
 826.34
 773.69
 998.36
 764.54
 937.60
1091.36
 931.85
 751.02
 984.02
 970.32
 991.34
 861.16
    nan
 940.78
 803.58
 878.85
1073.23
1046.05
 871.89
 789.53
 767.69
 716.58
1032.57
 903.76
1002.90
 838.46
 898.82
 868.49
 955.47
 917.29
 903.12
 916.97
 985.20
 866.81
 998.40
 766.67
 767.45
 857.97
 949.50
1083.52
 870.37
 794.03
 843.54
 917.59
1039.51
 823.21
 954.33
 898.22
1145.26
 809.26
 834.14
 829.35
 898.88
 955.36
 904.59
 779.37
1096.30
    nan
1007.82
 703.79
 873.68
 786.59
 666.66
 899.35
1026.19
 837.73
 759.33
 965.39
1035.60
1014.94
 861.31
 866.52
 813.49
 749.56
 760.31
 791.57
1007.55
 770.78
 953.76
 687.63
 848.45
 863.96
 983.76
 979.43
 741.16
 789.10
1008.78
 788.17
 975.32
 780.66
1052.90
 645.72
 887.32
 876.01
 790.88
 807.21
 940.86
 879.47
 795.60
1012.01
 864.56
 920.33
 940.80
 860.13
 853.78
 828.97
 947.57
1113.48
 794.19
 777.08
 664.29
 932.51
 919.02
 971.77
 724.88
 991.92
 897.57
 931.21
 819.30
    nan
    nan
1003.68
 912.87
    nan
 869.86
 718.14
 891.43
 868.64
 838.95
 882.63
 765.04
1091.98
 830.94
 920.09
 965.11
 850.65
 857.93
 829.84
 883.85
 861.15
 953.82
 860.23
1036.06
 971.59
 909.07
 822.47
1115.15
 916.21
 883.40
 771.16
 850.45
 796.72
 818.29
 741.62
 801.25
1038.85
 920.28
 916.49
1139.01
 797.17
 832.67
 782.09
 934.47
 822.13
 906.42
 968.35
 826.22
 888.11
 992.83
 897.59
 920.28
 996.98
1109.38
 828.64
 793.12
    nan
 981.65
1071.50
 974.17
1044.21
1032.57
 751.77
 769.79
1023.30
 950.49
 807.68
 953.42
 834.69
 929.35
1040.65
 901.15
1098.40
 934.53
 803.97
 993.41
 964.92
 708.16
 906.38
1104.39
 930.29
 830.91
 790.17
 842.50
 822.71
 998.54
 847.58
 829.78
 879.63
 897.85
 762.15
1125.14
1109.61
 793.81
 965.68
 908.50
 959.05
 802.56
 856.05
 762.62
 886.63
1095.64
 902.83
 790.03
 931.09
1033.89
 796.72
 850.09
 783.03
 925.37
 934.69
 930.79
 928.11
 813.87
 926.19
 977.81
 855.33
 871.41
 885.38
 948.73
 954.61
 827.29
1115.44
 763.13
 942.76
1057.85
 798.81
 971.12
 826.48
 962.26
 940.97
1084.36
 934.09
1024.36
 834.88
 851.86
 792.28
 917.67
1003.24
 809.81
 786.17
 882.64
1077.15
 906.51
 756.84
1035.47
1142.50
 951.71
 952.54
 879.22
 886.36
 975.11
 853.45
 988.61
 780.14
 819.55
 917.23
1094.46
 878.75
 895.73
 871.83
 904.71
 883.50
 838.11
 783.19
 894.98
 910.81
 921.11
 900.38
 994.68
    nan
 911.15
1061.94
 976.70
 851.84
 931.97
 788.14
 950.20
 784.10
 976.76
1059.97
 864.01
1031.60
 789.86
    nan
 937.45
 718.23
 823.27
 761.18
 948.58
 951.99
 846.85
 841.66
 726.98
 995.77
 957.05
1044.76
    nan
 868.73
 882.95
 765.69
 917.90
 837.97
 854.31
 836.70
    nan
 867.60
 776.30
 883.08
 916.64
 886.48
 996.95
 905.10
 785.19
 961.77
 987.44
 956.79
 850.85
 851.24
 924.09
1033.28
 934.81
 995.49
 824.37
    nan
 780.42
1054.28
 782.53
 941.62
 792.68
1056.90
 926.88
 852.38
 848.49
 897.65
 710.96
 780.39
1015.68
 897.37
1000.36
 789.39
 760.94
 796.68
1009.97
 883.59
 821.95
1148.91
 892.76
1000.35
1050.22
 786.97
1043.05
1026.08
 847.73
1057.00
 924.90
 910.33
 785.92
 847.18
 912.27
1013.82
 847.88
1019.62
 803.93
1054.02
 858.27
 987.88
 919.58
 934.77
1019.37
 961.87
 941.34
 993.43
 896.14
 758.24
1024.12
 922.82
 967.52
 986.33
 689.41
 751.23
 918.06
 975.60
 870.61
 915.97
 746.98
1071.19
 799.50
 968.33
 723.03
 848.18
 830.07
 816.57
1082.89
 823.30
 731.89
 955.79
 999.09
 789.13
 851.12
 796.02
 876.33
1060.13
 894.05
1022.64
 950.85
1114.18
 887.99
1009.71
 896.56
 754.34
1091.99
 841.48
 948.45
 884.66
1129.65
 913.13
 886.68
 773.36
 948.22
 764.73
1051.80
 884.82
 798.83
1002.84
 870.34
 904.67
 835.79
 965.02
 823.17
 932.79
 799.25
 780.01
 774.93
 989.73
 921.46
1026.21
 784.96
 903.72
 779.45
 723.11
 852.97
 753.59
 986.90
 791.78
 987.17
    nan
 731.58
 856.97
 882.61
 974.91
 698.17
 875.96
 888.97
 769.61
 898.61
 855.91
 763.74
 925.64
 943.03
 886.50
 895.56
 766.30
1021.08
 974.34
    nan
 891.81
1164.69
 759.69
 892.19
 896.51
 839.34
 866.09
 856.62
 752.25
 939.83
 795.75
 810.34
 969.80
 755.45
 748.43
1006.69
    nan
 945.45
 887.91
1098.22
 991.63
 804.87
1087.34
 841.88
1030.12
 958.32
 848.13
 851.03
 972.04
 800.10
 825.84
 884.86
 733.61
 680.79
 850.43
 990.77
 962.81
 868.92
 889.01
 860.00
 854.71
 825.10
 884.33
 828.20
 974.65
1152.36
 730.61
 994.52
 853.86
1057.95
1001.66
1105.35
 977.61
 861.10
1053.33
 858.72
 852.03
1193.66
 839.40
 913.05
    nan
 923.19
 829.06
1023.44
 820.40
1021.98
 926.68
1020.63
1161.08
 767.07
 887.72
 969.69
 998.35
1050.32
 880.83
    nan
 810.99
 866.64
 946.17
 970.20
 766.55
 945.67
1038.36
 952.99
 947.49
 926.94
 906.41
1127.27
 943.03
 951.72
 883.14
 942.57
 825.45
 783.99
 882.90
 979.16
1135.26
 925.66
 938.64
 931.27
 955.46
 954.77
 949.43
 728.09
1017.88
1002.58
 679.54
 864.61
1000.12
1098.60
1027.59
 954.43
    nan
1004.43
 626.05
1012.82
 947.54
 968.54
 822.16
 750.25
 971.69
 917.84
1054.79
1062.65
 932.16
 957.97
 853.33
 899.45
 917.17
 866.11
 941.89
 812.58
 956.55
 730.68
 827.34
 984.83
 829.93
 933.53
1024.15
 834.68
 875.57
1125.82
1011.38
 892.92
    nan
 980.40
 869.65
1075.50
 764.16
 918.48
 851.47
 922.89
 864.76
 917.49
 973.15
 973.68
 940.47
1099.89
 896.01
 894.04
1035.51
1056.87
 990.77
 958.77
 959.83
 798.26
1041.74
 793.16
 817.69
 831.48
 937.44
 701.23
 923.71
1116.93
 822.62
 992.85
 792.58
 995.91
 989.11
 633.16
1096.95
 971.46
 918.76
 897.22
1037.22
    nan
 851.84
 802.55
 880.00
 916.31
1116.48
 810.55
1053.56
 939.40
 868.18
 863.65
 789.67
 957.69
1118.42
 860.97
 879.21
1161.40
 796.12
 593.55
 784.01
 922.29
 810.46
 900.57
 825.47
 680.48
 797.88
 658.24
 876.86
 941.13
 927.91
 910.57
 865.76
 969.94
 959.28
 858.21
    nan
 808.35
1096.32
1069.53
 953.19
 953.42
 808.94
 844.10
 891.61
 786.60
 838.15
 911.13
 936.16
 928.22
 873.28
1023.08
 801.83
 878.10
1034.45
1034.58
 972.74
1074.64
 938.19
1123.56
 888.84
1069.67
 935.04
 834.62
 844.11
 685.39
 938.38
 996.14
 830.30
 841.91
 704.98
1033.66
 843.43
 875.99
 734.49
 848.60
1038.08
 953.84
 921.19
 918.97
 708.49
 942.43
 861.17
 908.13
 942.67
1066.04
 965.34
 912.29
 990.51
 801.63
 982.10
1011.34
 959.45
 905.85
 861.87
 935.61
 991.48
 818.24
 892.83
 876.25
 893.40
    nan
 801.86
 961.51
 916.42
1011.38
 884.02
1014.73
 768.45
 874.98
 786.56
 828.64
 738.61
 934.11
 982.70
 996.69
 933.49
 967.31
 890.10
1075.66
 940.05
 799.76
 781.71
 884.04
 922.88
 996.78
 920.63
 900.58
 958.33
1014.46
 808.91
 782.69
1022.48
1007.27
 952.80
 832.06
 983.44
 897.02
 889.38
1065.97
 990.55
 948.97
 800.11
 818.77
 798.77
 720.15
 991.54
 800.25
 873.08
 863.95
 922.29
 843.88
 665.87
 957.86
 987.48
 921.31
 886.42
 960.21
1000.37
 957.70
 820.27
 752.27
 850.41
 849.83
1090.16
 935.95
 871.18
 853.51
 882.25
 942.37
1012.74
 843.72
 758.85
1033.31
 803.27
 942.34
 949.00
 790.06
 945.05
 880.43
 799.81
 985.87
 856.41
 922.19
 891.40
 888.50
 872.16
 711.29
    nan
 888.75
1122.97
    nan
1002.10
 812.37
 923.40
 899.07
 744.82
 882.04
 953.09
 882.02
 744.53
 858.79
 960.10
 910.27
 847.19
 973.71
1042.18
 811.24
 821.13
 894.14
 749.47
1144.23
 884.91
 882.72
 877.92
1121.50
 777.12
 991.28
1019.19
1106.18
 997.76
 912.24
 984.69
 784.65
 859.73
 783.56
 889.76
 921.49
 697.30
 957.40
 834.06
 933.63
 847.73
1024.30
 913.46
 792.57
 739.50
 868.95
 914.67
1025.96
1027.20
 868.33
 838.16
 884.40
1008.42
 860.99
1116.35
 733.11
 806.34
 955.39
 807.27
 775.53
 846.55
 861.22
 906.10
 827.75
 980.10
 771.44
1106.67
 847.92
 836.86
 826.24
 824.01
 846.19
 898.18
 837.98
 965.59
 823.85
 867.05
 939.69
 903.11
1019.36
 761.33
 967.78
 863.68
 803.22
 942.11
